# silver (19,3)-cube, colors=55; tau-equivariant, slope t=1
# cycle holes h_A=0 h_B=1; cycle tilings invariant under
# scaling by the order-6/6 subgroup of Z_p^* about their own holes
# diagonal: x+y+z = 0 (mod 19); lines: x y z color
0 0 0 0
0 0 1 42
0 0 2 34
0 0 3 36
0 0 4 6
0 0 5 31
0 0 6 9
0 0 7 50
0 0 8 20
0 0 9 4
0 0 10 15
0 0 11 38
0 0 12 29
0 0 13 10
0 0 14 49
0 0 15 13
0 0 16 21
0 0 17 54
0 0 18 37
0 1 0 22
0 1 1 48
0 1 2 45
0 1 3 3
0 1 4 33
0 1 5 9
0 1 6 34
0 1 7 26
0 1 8 12
0 1 9 10
0 1 10 40
0 1 11 31
0 1 12 53
0 1 13 52
0 1 14 16
0 1 15 39
0 1 16 51
0 1 17 25
0 1 18 54
0 2 0 46
0 2 1 45
0 2 2 3
0 2 3 49
0 2 4 7
0 2 5 51
0 2 6 28
0 2 7 0
0 2 8 2
0 2 9 33
0 2 10 20
0 2 11 6
0 2 12 1
0 2 13 8
0 2 14 39
0 2 15 21
0 2 16 37
0 2 17 53
0 2 18 32
0 3 0 45
0 3 1 0
0 3 2 22
0 3 3 14
0 3 4 43
0 3 5 29
0 3 6 1
0 3 7 9
0 3 8 35
0 3 9 42
0 3 10 12
0 3 11 34
0 3 12 3
0 3 13 39
0 3 14 46
0 3 15 38
0 3 16 52
0 3 17 19
0 3 18 11
0 4 0 7
0 4 1 49
0 4 2 9
0 4 3 34
0 4 4 28
0 4 5 15
0 4 6 17
0 4 7 30
0 4 8 36
0 4 9 1
0 4 10 52
0 4 11 2
0 4 12 5
0 4 13 44
0 4 14 40
0 4 15 51
0 4 16 27
0 4 17 48
0 4 18 35
0 5 0 44
0 5 1 5
0 5 2 24
0 5 3 54
0 5 4 1
0 5 5 17
0 5 6 19
0 5 7 34
0 5 8 0
0 5 9 47
0 5 10 8
0 5 11 12
0 5 12 33
0 5 13 43
0 5 14 50
0 5 15 53
0 5 16 32
0 5 17 42
0 5 18 15
0 6 0 1
0 6 1 38
0 6 2 32
0 6 3 4
0 6 4 11
0 6 5 50
0 6 6 31
0 6 7 3
0 6 8 29
0 6 9 16
0 6 10 27
0 6 11 33
0 6 12 26
0 6 13 49
0 6 14 51
0 6 15 24
0 6 16 47
0 6 17 13
0 6 18 17
0 7 0 27
0 7 1 44
0 7 2 2
0 7 3 17
0 7 4 30
0 7 5 43
0 7 6 13
0 7 7 35
0 7 8 54
0 7 9 25
0 7 10 38
0 7 11 40
0 7 12 48
0 7 13 23
0 7 14 20
0 7 15 41
0 7 16 6
0 7 17 22
0 7 18 8
0 8 0 52
0 8 1 53
0 8 2 15
0 8 3 51
0 8 4 49
0 8 5 5
0 8 6 50
0 8 7 1
0 8 8 21
0 8 9 46
0 8 10 32
0 8 11 47
0 8 12 36
0 8 13 54
0 8 14 29
0 8 15 4
0 8 16 44
0 8 17 14
0 8 18 19
0 9 0 11
0 9 1 14
0 9 2 43
0 9 3 19
0 9 4 5
0 9 5 42
0 9 6 7
0 9 7 28
0 9 8 16
0 9 9 21
0 9 10 46
0 9 11 25
0 9 12 45
0 9 13 36
0 9 14 6
0 9 15 54
0 9 16 10
0 9 17 50
0 9 18 44
0 10 0 8
0 10 1 40
0 10 2 30
0 10 3 9
0 10 4 35
0 10 5 13
0 10 6 39
0 10 7 37
0 10 8 34
0 10 9 45
0 10 10 48
0 10 11 3
0 10 12 32
0 10 13 12
0 10 14 22
0 10 15 14
0 10 16 49
0 10 17 27
0 10 18 5
0 11 0 25
0 11 1 50
0 11 2 5
0 11 3 42
0 11 4 15
0 11 5 39
0 11 6 33
0 11 7 51
0 11 8 44
0 11 9 31
0 11 10 24
0 11 11 30
0 11 12 18
0 11 13 28
0 11 14 14
0 11 15 26
0 11 16 53
0 11 17 4
0 11 18 41
0 12 0 33
0 12 1 11
0 12 2 46
0 12 3 13
0 12 4 53
0 12 5 25
0 12 6 49
0 12 7 43
0 12 8 52
0 12 9 24
0 12 10 39
0 12 11 45
0 12 12 42
0 12 13 6
0 12 14 23
0 12 15 19
0 12 16 2
0 12 17 17
0 12 18 47
0 13 0 18
0 13 1 2
0 13 2 6
0 13 3 22
0 13 4 47
0 13 5 30
0 13 6 42
0 13 7 48
0 13 8 46
0 13 9 53
0 13 10 3
0 13 11 43
0 13 12 16
0 13 13 21
0 13 14 27
0 13 15 8
0 13 16 15
0 13 17 29
0 13 18 23
0 14 0 35
0 14 1 4
0 14 2 40
0 14 3 38
0 14 4 19
0 14 5 41
0 14 6 45
0 14 7 44
0 14 8 7
0 14 9 11
0 14 10 23
0 14 11 0
0 14 12 47
0 14 13 22
0 14 14 2
0 14 15 18
0 14 16 28
0 14 17 52
0 14 18 14
0 15 0 12
0 15 1 54
0 15 2 51
0 15 3 25
0 15 4 40
0 15 5 20
0 15 6 36
0 15 7 14
0 15 8 17
0 15 9 50
0 15 10 18
0 15 11 37
0 15 12 24
0 15 13 2
0 15 14 4
0 15 15 29
0 15 16 41
0 15 17 10
0 15 18 38
0 16 0 40
0 16 1 8
0 16 2 35
0 16 3 39
0 16 4 32
0 16 5 46
0 16 6 41
0 16 7 16
0 16 8 43
0 16 9 7
0 16 10 26
0 16 11 48
0 16 12 10
0 16 13 18
0 16 14 31
0 16 15 23
0 16 16 5
0 16 17 24
0 16 18 0
0 17 0 23
0 17 1 47
0 17 2 38
0 17 3 20
0 17 4 48
0 17 5 36
0 17 6 11
0 17 7 18
0 17 8 13
0 17 9 28
0 17 10 41
0 17 11 17
0 17 12 0
0 17 13 37
0 17 14 52
0 17 15 12
0 17 16 26
0 17 17 16
0 17 18 21
0 18 0 26
0 18 1 19
0 18 2 31
0 18 3 28
0 18 4 23
0 18 5 3
0 18 6 32
0 18 7 41
0 18 8 27
0 18 9 20
0 18 10 9
0 18 11 7
0 18 12 37
0 18 13 30
0 18 14 10
0 18 15 25
0 18 16 16
0 18 17 34
0 18 18 29
1 0 0 32
1 0 1 29
1 0 2 24
1 0 3 4
1 0 4 33
1 0 5 41
1 0 6 28
1 0 7 21
1 0 8 10
1 0 9 8
1 0 10 19
1 0 11 31
1 0 12 11
1 0 13 26
1 0 14 17
1 0 15 35
1 0 16 30
1 0 17 27
1 0 18 20
1 1 0 35
1 1 1 37
1 1 2 7
1 1 3 32
1 1 4 10
1 1 5 50
1 1 6 21
1 1 7 5
1 1 8 16
1 1 9 38
1 1 10 30
1 1 11 11
1 1 12 49
1 1 13 14
1 1 14 22
1 1 15 54
1 1 16 19
1 1 17 1
1 1 18 42
1 2 0 45
1 2 1 4
1 2 2 34
1 2 3 10
1 2 4 35
1 2 5 27
1 2 6 13
1 2 7 11
1 2 8 40
1 2 9 32
1 2 10 53
1 2 11 52
1 2 12 17
1 2 13 39
1 2 14 51
1 2 15 26
1 2 16 54
1 2 17 23
1 2 18 48
1 3 0 4
1 3 1 49
1 3 2 8
1 3 3 51
1 3 4 29
1 3 5 1
1 3 6 3
1 3 7 34
1 3 8 21
1 3 9 7
1 3 10 2
1 3 11 9
1 3 12 39
1 3 13 22
1 3 14 19
1 3 15 53
1 3 16 33
1 3 17 46
1 3 18 45
1 4 0 23
1 4 1 15
1 4 2 43
1 4 3 30
1 4 4 2
1 4 5 10
1 4 6 36
1 4 7 42
1 4 8 13
1 4 9 35
1 4 10 4
1 4 11 39
1 4 12 46
1 4 13 38
1 4 14 52
1 4 15 20
1 4 16 12
1 4 17 45
1 4 18 1
1 5 0 10
1 5 1 35
1 5 2 29
1 5 3 16
1 5 4 18
1 5 5 31
1 5 6 37
1 5 7 2
1 5 8 52
1 5 9 3
1 5 10 6
1 5 11 44
1 5 12 40
1 5 13 51
1 5 14 28
1 5 15 48
1 5 16 36
1 5 17 8
1 5 18 49
1 6 0 25
1 6 1 54
1 6 2 2
1 6 3 18
1 6 4 20
1 6 5 35
1 6 6 1
1 6 7 47
1 6 8 9
1 6 9 13
1 6 10 34
1 6 11 43
1 6 12 50
1 6 13 53
1 6 14 33
1 6 15 42
1 6 16 16
1 6 17 44
1 6 18 6
1 7 0 33
1 7 1 5
1 7 2 12
1 7 3 50
1 7 4 32
1 7 5 4
1 7 6 30
1 7 7 17
1 7 8 28
1 7 9 34
1 7 10 27
1 7 11 49
1 7 12 51
1 7 13 25
1 7 14 47
1 7 15 14
1 7 16 18
1 7 17 2
1 7 18 38
1 8 0 3
1 8 1 18
1 8 2 31
1 8 3 43
1 8 4 14
1 8 5 36
1 8 6 54
1 8 7 26
1 8 8 38
1 8 9 40
1 8 10 48
1 8 11 24
1 8 12 21
1 8 13 41
1 8 14 7
1 8 15 23
1 8 16 9
1 8 17 28
1 8 18 44
1 9 0 16
1 9 1 51
1 9 2 49
1 9 3 6
1 9 4 50
1 9 5 2
1 9 6 22
1 9 7 46
1 9 8 33
1 9 9 47
1 9 10 37
1 9 11 54
1 9 12 30
1 9 13 5
1 9 14 44
1 9 15 15
1 9 16 20
1 9 17 52
1 9 18 53
1 10 0 43
1 10 1 20
1 10 2 6
1 10 3 42
1 10 4 8
1 10 5 29
1 10 6 17
1 10 7 22
1 10 8 46
1 10 9 26
1 10 10 45
1 10 11 37
1 10 12 7
1 10 13 54
1 10 14 11
1 10 15 50
1 10 16 44
1 10 17 12
1 10 18 15
1 11 0 31
1 11 1 10
1 11 2 36
1 11 3 14
1 11 4 39
1 11 5 19
1 11 6 35
1 11 7 45
1 11 8 48
1 11 9 4
1 11 10 33
1 11 11 13
1 11 12 23
1 11 13 15
1 11 14 49
1 11 15 28
1 11 16 6
1 11 17 9
1 11 18 40
1 12 0 6
1 12 1 42
1 12 2 16
1 12 3 39
1 12 4 34
1 12 5 51
1 12 6 44
1 12 7 32
1 12 8 25
1 12 9 31
1 12 10 0
1 12 11 29
1 12 12 15
1 12 13 27
1 12 14 53
1 12 15 5
1 12 16 41
1 12 17 26
1 12 18 50
1 13 0 46
1 13 1 14
1 13 2 53
1 13 3 26
1 13 4 49
1 13 5 43
1 13 6 52
1 13 7 25
1 13 8 39
1 13 9 45
1 13 10 42
1 13 11 7
1 13 12 24
1 13 13 20
1 13 14 3
1 13 15 18
1 13 16 47
1 13 17 34
1 13 18 12
1 14 0 7
1 14 1 23
1 14 2 47
1 14 3 31
1 14 4 42
1 14 5 48
1 14 6 46
1 14 7 53
1 14 8 4
1 14 9 43
1 14 10 17
1 14 11 22
1 14 12 28
1 14 13 9
1 14 14 16
1 14 15 30
1 14 16 24
1 14 17 0
1 14 18 3
1 15 0 40
1 15 1 38
1 15 2 20
1 15 3 41
1 15 4 45
1 15 5 44
1 15 6 8
1 15 7 12
1 15 8 24
1 15 9 1
1 15 10 47
1 15 11 23
1 15 12 3
1 15 13 0
1 15 14 29
1 15 15 52
1 15 16 15
1 15 17 36
1 15 18 5
1 16 0 51
1 16 1 26
1 16 2 40
1 16 3 21
1 16 4 37
1 16 5 15
1 16 6 18
1 16 7 50
1 16 8 0
1 16 9 19
1 16 10 25
1 16 11 3
1 16 12 5
1 16 13 30
1 16 14 41
1 16 15 11
1 16 16 38
1 16 17 13
1 16 18 54
1 17 0 36
1 17 1 39
1 17 2 33
1 17 3 46
1 17 4 41
1 17 5 17
1 17 6 43
1 17 7 8
1 17 8 27
1 17 9 48
1 17 10 11
1 17 11 0
1 17 12 32
1 17 13 24
1 17 14 6
1 17 15 25
1 17 16 1
1 17 17 40
1 17 18 9
1 18 0 38
1 18 1 21
1 18 2 48
1 18 3 37
1 18 4 12
1 18 5 0
1 18 6 14
1 18 7 29
1 18 8 41
1 18 9 18
1 18 10 1
1 18 11 19
1 18 12 52
1 18 13 13
1 18 14 27
1 18 15 17
1 18 16 22
1 18 17 24
1 18 18 47
2 0 0 48
2 0 1 19
2 0 2 13
2 0 3 1
2 0 4 15
2 0 5 30
2 0 6 41
2 0 7 0
2 0 8 2
2 0 9 20
2 0 10 52
2 0 11 14
2 0 12 28
2 0 13 18
2 0 14 23
2 0 15 25
2 0 16 47
2 0 17 38
2 0 18 22
2 1 0 25
2 1 1 5
2 1 2 34
2 1 3 41
2 1 4 29
2 1 5 22
2 1 6 11
2 1 7 9
2 1 8 20
2 1 9 32
2 1 10 12
2 1 11 27
2 1 12 18
2 1 13 36
2 1 14 31
2 1 15 28
2 1 16 21
2 1 17 33
2 1 18 30
2 2 0 8
2 2 1 33
2 2 2 11
2 2 3 50
2 2 4 22
2 2 5 6
2 2 6 17
2 2 7 38
2 2 8 31
2 2 9 12
2 2 10 49
2 2 11 15
2 2 12 23
2 2 13 54
2 2 14 20
2 2 15 2
2 2 16 42
2 2 17 36
2 2 18 19
2 3 0 35
2 3 1 11
2 3 2 36
2 3 3 28
2 3 4 14
2 3 5 12
2 3 6 40
2 3 7 33
2 3 8 53
2 3 9 52
2 3 10 18
2 3 11 39
2 3 12 51
2 3 13 27
2 3 14 54
2 3 15 24
2 3 16 48
2 3 17 45
2 3 18 5
2 4 0 9
2 4 1 51
2 4 2 30
2 4 3 2
2 4 4 4
2 4 5 35
2 4 6 22
2 4 7 8
2 4 8 3
2 4 9 10
2 4 10 39
2 4 11 23
2 4 12 20
2 4 13 53
2 4 14 34
2 4 15 46
2 4 16 45
2 4 17 5
2 4 18 49
2 5 0 43
2 5 1 31
2 5 2 3
2 5 3 11
2 5 4 37
2 5 5 42
2 5 6 14
2 5 7 36
2 5 8 5
2 5 9 39
2 5 10 46
2 5 11 38
2 5 12 52
2 5 13 21
2 5 14 13
2 5 15 45
2 5 16 2
2 5 17 24
2 5 18 16
2 6 0 30
2 6 1 17
2 6 2 0
2 6 3 32
2 6 4 19
2 6 5 3
2 6 6 52
2 6 7 4
2 6 8 7
2 6 9 44
2 6 10 40
2 6 11 51
2 6 12 29
2 6 13 48
2 6 14 37
2 6 15 9
2 6 16 49
2 6 17 11
2 6 18 36
2 7 0 3
2 7 1 0
2 7 2 21
2 7 3 36
2 7 4 2
2 7 5 47
2 7 6 10
2 7 7 14
2 7 8 35
2 7 9 43
2 7 10 50
2 7 11 53
2 7 12 34
2 7 13 42
2 7 14 17
2 7 15 44
2 7 16 7
2 7 17 26
2 7 18 54
2 8 0 13
2 8 1 50
2 8 2 33
2 8 3 5
2 8 4 31
2 8 5 18
2 8 6 29
2 8 7 35
2 8 8 28
2 8 9 49
2 8 10 51
2 8 11 26
2 8 12 47
2 8 13 15
2 8 14 0
2 8 15 3
2 8 16 38
2 8 17 34
2 8 18 6
2 9 0 32
2 9 1 43
2 9 2 15
2 9 3 37
2 9 4 54
2 9 5 27
2 9 6 38
2 9 7 40
2 9 8 48
2 9 9 25
2 9 10 22
2 9 11 41
2 9 12 8
2 9 13 24
2 9 14 10
2 9 15 29
2 9 16 44
2 9 17 4
2 9 18 0
2 10 0 49
2 10 1 7
2 10 2 50
2 10 3 3
2 10 4 23
2 10 5 46
2 10 6 34
2 10 7 47
2 10 8 19
2 10 9 54
2 10 10 31
2 10 11 6
2 10 12 44
2 10 13 16
2 10 14 21
2 10 15 52
2 10 16 53
2 10 17 17
2 10 18 51
2 11 0 7
2 11 1 42
2 11 2 9
2 11 3 30
2 11 4 18
2 11 5 23
2 11 6 46
2 11 7 27
2 11 8 45
2 11 9 19
2 11 10 8
2 11 11 54
2 11 12 12
2 11 13 50
2 11 14 44
2 11 15 13
2 11 16 16
2 11 17 43
2 11 18 21
2 12 0 37
2 12 1 15
2 12 2 39
2 12 3 20
2 12 4 36
2 12 5 45
2 12 6 48
2 12 7 5
2 12 8 34
2 12 9 14
2 12 10 24
2 12 11 16
2 12 12 49
2 12 13 29
2 12 14 7
2 12 15 10
2 12 16 40
2 12 17 32
2 12 18 11
2 13 0 17
2 13 1 39
2 13 2 35
2 13 3 51
2 13 4 44
2 13 5 33
2 13 6 26
2 13 7 32
2 13 8 1
2 13 9 30
2 13 10 16
2 13 11 28
2 13 12 53
2 13 13 6
2 13 14 41
2 13 15 27
2 13 16 50
2 13 17 7
2 13 18 42
2 14 0 53
2 14 1 27
2 14 2 49
2 14 3 43
2 14 4 52
2 14 5 26
2 14 6 39
2 14 7 45
2 14 8 42
2 14 9 8
2 14 10 25
2 14 11 21
2 14 12 4
2 14 13 0
2 14 14 47
2 14 15 35
2 14 16 13
2 14 17 46
2 14 18 15
2 15 0 47
2 15 1 32
2 15 2 42
2 15 3 48
2 15 4 46
2 15 5 53
2 15 6 5
2 15 7 43
2 15 8 18
2 15 9 23
2 15 10 29
2 15 11 10
2 15 12 17
2 15 13 31
2 15 14 25
2 15 15 1
2 15 16 4
2 15 17 8
2 15 18 24
2 16 0 21
2 16 1 41
2 16 2 45
2 16 3 44
2 16 4 9
2 16 5 13
2 16 6 25
2 16 7 2
2 16 8 47
2 16 9 24
2 16 10 4
2 16 11 1
2 16 12 30
2 16 13 52
2 16 14 16
2 16 15 37
2 16 16 6
2 16 17 40
2 16 18 38
2 17 0 40
2 17 1 22
2 17 2 19
2 17 3 16
2 17 4 0
2 17 5 50
2 17 6 1
2 17 7 20
2 17 8 26
2 17 9 4
2 17 10 6
2 17 11 31
2 17 12 41
2 17 13 12
2 17 14 38
2 17 15 14
2 17 16 54
2 17 17 51
2 17 18 27
2 18 0 34
2 18 1 46
2 18 2 41
2 18 3 18
2 18 4 43
2 18 5 9
2 18 6 28
2 18 7 48
2 18 8 12
2 18 9 1
2 18 10 33
2 18 11 25
2 18 12 7
2 18 13 26
2 18 14 2
2 18 15 40
2 18 16 10
2 18 17 37
2 18 18 39
3 0 0 41
3 0 1 0
3 0 2 43
3 0 3 10
3 0 4 29
3 0 5 48
3 0 6 13
3 0 7 2
3 0 8 34
3 0 9 26
3 0 10 8
3 0 11 27
3 0 12 3
3 0 13 40
3 0 14 11
3 0 15 19
3 0 16 39
3 0 17 35
3 0 18 46
3 1 0 14
3 1 1 2
3 1 2 16
3 1 3 31
3 1 4 41
3 1 5 1
3 1 6 3
3 1 7 21
3 1 8 52
3 1 9 15
3 1 10 29
3 1 11 0
3 1 12 24
3 1 13 26
3 1 14 47
3 1 15 38
3 1 16 23
3 1 17 48
3 1 18 20
3 2 0 35
3 2 1 41
3 2 2 30
3 2 3 23
3 2 4 12
3 2 5 10
3 2 6 21
3 2 7 33
3 2 8 13
3 2 9 28
3 2 10 0
3 2 11 37
3 2 12 32
3 2 13 29
3 2 14 22
3 2 15 34
3 2 16 31
3 2 17 26
3 2 18 6
3 3 0 12
3 3 1 50
3 3 2 23
3 3 3 7
3 3 4 18
3 3 5 38
3 3 6 32
3 3 7 13
3 3 8 49
3 3 9 16
3 3 10 24
3 3 11 54
3 3 12 21
3 3 13 3
3 3 14 42
3 3 15 37
3 3 16 20
3 3 17 9
3 3 18 34
3 4 0 37
3 4 1 29
3 4 2 15
3 4 3 13
3 4 4 40
3 4 5 34
3 4 6 53
3 4 7 52
3 4 8 0
3 4 9 39
3 4 10 51
3 4 11 28
3 4 12 54
3 4 13 25
3 4 14 48
3 4 15 45
3 4 16 6
3 4 17 36
3 4 18 12
3 5 0 31
3 5 1 3
3 5 2 5
3 5 3 36
3 5 4 23
3 5 5 9
3 5 6 4
3 5 7 11
3 5 8 39
3 5 9 24
3 5 10 21
3 5 11 53
3 5 12 35
3 5 13 46
3 5 14 45
3 5 15 6
3 5 16 49
3 5 17 10
3 5 18 51
3 6 0 4
3 6 1 12
3 6 2 19
3 6 3 42
3 6 4 15
3 6 5 37
3 6 6 6
3 6 7 39
3 6 8 46
3 6 9 38
3 6 10 52
3 6 11 22
3 6 12 14
3 6 13 45
3 6 14 3
3 6 15 25
3 6 16 17
3 6 17 43
3 6 18 32
3 7 0 1
3 7 1 33
3 7 2 20
3 7 3 4
3 7 4 52
3 7 5 5
3 7 6 8
3 7 7 44
3 7 8 40
3 7 9 51
3 7 10 30
3 7 11 48
3 7 12 19
3 7 13 10
3 7 14 49
3 7 15 12
3 7 16 37
3 7 17 31
3 7 18 18
3 8 0 22
3 8 1 37
3 8 2 3
3 8 3 47
3 8 4 11
3 8 5 15
3 8 6 36
3 8 7 43
3 8 8 50
3 8 9 53
3 8 10 35
3 8 11 42
3 8 12 18
3 8 13 44
3 8 14 8
3 8 15 27
3 8 16 54
3 8 17 4
3 8 18 1
3 9 0 34
3 9 1 6
3 9 2 32
3 9 3 0
3 9 4 30
3 9 5 36
3 9 6 29
3 9 7 49
3 9 8 51
3 9 9 27
3 9 10 47
3 9 11 16
3 9 12 1
3 9 13 4
3 9 14 38
3 9 15 35
3 9 16 7
3 9 17 14
3 9 18 50
3 10 0 16
3 10 1 19
3 10 2 54
3 10 3 28
3 10 4 38
3 10 5 40
3 10 6 48
3 10 7 26
3 10 8 23
3 10 9 41
3 10 10 9
3 10 11 25
3 10 12 11
3 10 13 30
3 10 14 44
3 10 15 5
3 10 16 1
3 10 17 33
3 10 18 43
3 11 0 50
3 11 1 4
3 11 2 24
3 11 3 46
3 11 4 35
3 11 5 47
3 11 6 20
3 11 7 54
3 11 8 32
3 11 9 7
3 11 10 44
3 11 11 17
3 11 12 22
3 11 13 52
3 11 14 53
3 11 15 18
3 11 16 51
3 11 17 49
3 11 18 8
3 12 0 10
3 12 1 31
3 12 2 0
3 12 3 24
3 12 4 46
3 12 5 28
3 12 6 45
3 12 7 20
3 12 8 9
3 12 9 54
3 12 10 13
3 12 11 50
3 12 12 44
3 12 13 14
3 12 14 17
3 12 15 43
3 12 16 22
3 12 17 8
3 12 18 42
3 13 0 39
3 13 1 21
3 13 2 37
3 13 3 45
3 13 4 48
3 13 5 6
3 13 6 35
3 13 7 15
3 13 8 25
3 13 9 17
3 13 10 49
3 13 11 30
3 13 12 8
3 13 13 11
3 13 14 40
3 13 15 33
3 13 16 12
3 13 17 19
3 13 18 16
3 14 0 36
3 14 1 51
3 14 2 44
3 14 3 34
3 14 4 27
3 14 5 33
3 14 6 2
3 14 7 31
3 14 8 17
3 14 9 29
3 14 10 53
3 14 11 7
3 14 12 41
3 14 13 28
3 14 14 50
3 14 15 8
3 14 16 42
3 14 17 18
3 14 18 39
3 15 0 49
3 15 1 43
3 15 2 52
3 15 3 27
3 15 4 39
3 15 5 45
3 15 6 42
3 15 7 9
3 15 8 26
3 15 9 22
3 15 10 5
3 15 11 1
3 15 12 47
3 15 13 36
3 15 14 14
3 15 15 46
3 15 16 16
3 15 17 53
3 15 18 28
3 16 0 42
3 16 1 48
3 16 2 46
3 16 3 53
3 16 4 6
3 16 5 43
3 16 6 0
3 16 7 24
3 16 8 30
3 16 9 11
3 16 10 18
3 16 11 32
3 16 12 26
3 16 13 2
3 16 14 5
3 16 15 9
3 16 16 25
3 16 17 47
3 16 18 33
3 17 0 45
3 17 1 44
3 17 2 10
3 17 3 14
3 17 4 26
3 17 5 3
3 17 6 47
3 17 7 25
3 17 8 5
3 17 9 2
3 17 10 31
3 17 11 52
3 17 12 17
3 17 13 19
3 17 14 7
3 17 15 40
3 17 16 38
3 17 17 22
3 17 18 41
3 18 0 20
3 18 1 17
3 18 2 1
3 18 3 50
3 18 4 2
3 18 5 21
3 18 6 27
3 18 7 5
3 18 8 7
3 18 9 32
3 18 10 41
3 18 11 13
3 18 12 38
3 18 13 15
3 18 14 54
3 18 15 51
3 18 16 28
3 18 17 40
3 18 18 23
4 0 0 2
4 0 1 50
4 0 2 3
4 0 3 22
4 0 4 28
4 0 5 6
4 0 6 8
4 0 7 33
4 0 8 41
4 0 9 14
4 0 10 38
4 0 11 16
4 0 12 54
4 0 13 51
4 0 14 29
4 0 15 40
4 0 16 24
4 0 17 21
4 0 18 18
4 1 0 43
4 1 1 11
4 1 2 30
4 1 3 48
4 1 4 14
4 1 5 3
4 1 6 35
4 1 7 27
4 1 8 9
4 1 9 28
4 1 10 4
4 1 11 40
4 1 12 12
4 1 13 20
4 1 14 39
4 1 15 36
4 1 16 46
4 1 17 41
4 1 18 1
4 2 0 17
4 2 1 32
4 2 2 41
4 2 3 2
4 2 4 4
4 2 5 22
4 2 6 52
4 2 7 16
4 2 8 30
4 2 9 1
4 2 10 25
4 2 11 27
4 2 12 47
4 2 13 38
4 2 14 24
4 2 15 48
4 2 16 21
4 2 17 15
4 2 18 3
4 3 0 31
4 3 1 24
4 3 2 13
4 3 3 11
4 3 4 22
4 3 5 34
4 3 6 14
4 3 7 29
4 3 8 1
4 3 9 19
4 3 10 33
4 3 11 30
4 3 12 23
4 3 13 35
4 3 14 32
4 3 15 27
4 3 16 7
4 3 17 36
4 3 18 41
4 4 0 24
4 4 1 8
4 4 2 0
4 4 3 38
4 4 4 33
4 4 5 14
4 4 6 49
4 4 7 17
4 4 8 25
4 4 9 54
4 4 10 22
4 4 11 4
4 4 12 42
4 4 13 19
4 4 14 21
4 4 15 10
4 4 16 35
4 4 17 13
4 4 18 50
4 5 0 16
4 5 1 14
4 5 2 40
4 5 3 35
4 5 4 53
4 5 5 52
4 5 6 1
4 5 7 39
4 5 8 51
4 5 9 29
4 5 10 54
4 5 11 26
4 5 12 48
4 5 13 45
4 5 14 7
4 5 15 37
4 5 16 13
4 5 17 19
4 5 18 30
4 6 0 6
4 6 1 37
4 6 2 24
4 6 3 10
4 6 4 5
4 6 5 12
4 6 6 39
4 6 7 25
4 6 8 22
4 6 9 53
4 6 10 36
4 6 11 46
4 6 12 45
4 6 13 7
4 6 14 49
4 6 15 11
4 6 16 51
4 6 17 32
4 6 18 4
4 7 0 20
4 7 1 42
4 7 2 16
4 7 3 19
4 7 4 7
4 7 5 39
4 7 6 46
4 7 7 38
4 7 8 52
4 7 9 23
4 7 10 15
4 7 11 45
4 7 12 4
4 7 13 26
4 7 14 18
4 7 15 43
4 7 16 33
4 7 17 5
4 7 18 13
4 8 0 21
4 8 1 5
4 8 2 52
4 8 3 6
4 8 4 9
4 8 5 44
4 8 6 40
4 8 7 51
4 8 8 31
4 8 9 48
4 8 10 20
4 8 11 11
4 8 12 49
4 8 13 13
4 8 14 19
4 8 15 32
4 8 16 0
4 8 17 2
4 8 18 34
4 9 0 4
4 9 1 47
4 9 2 12
4 9 3 16
4 9 4 37
4 9 5 43
4 9 6 50
4 9 7 53
4 9 8 36
4 9 9 42
4 9 10 0
4 9 11 44
4 9 12 9
4 9 13 28
4 9 14 54
4 9 15 5
4 9 16 2
4 9 17 23
4 9 18 19
4 10 0 33
4 10 1 1
4 10 2 31
4 10 3 37
4 10 4 30
4 10 5 49
4 10 6 51
4 10 7 28
4 10 8 47
4 10 9 17
4 10 10 2
4 10 11 5
4 10 12 38
4 10 13 36
4 10 14 8
4 10 15 15
4 10 16 50
4 10 17 35
4 10 18 7
4 11 0 54
4 11 1 29
4 11 2 38
4 11 3 40
4 11 4 48
4 11 5 27
4 11 6 24
4 11 7 41
4 11 8 10
4 11 9 26
4 11 10 12
4 11 11 31
4 11 12 44
4 11 13 6
4 11 14 2
4 11 15 34
4 11 16 43
4 11 17 17
4 11 18 20
4 12 0 25
4 12 1 46
4 12 2 36
4 12 3 47
4 12 4 21
4 12 5 54
4 12 6 33
4 12 7 8
4 12 8 44
4 12 9 18
4 12 10 23
4 12 11 52
4 12 12 53
4 12 13 0
4 12 14 51
4 12 15 49
4 12 16 9
4 12 17 50
4 12 18 5
4 13 0 1
4 13 1 25
4 13 2 46
4 13 3 29
4 13 4 45
4 13 5 21
4 13 6 10
4 13 7 54
4 13 8 14
4 13 9 50
4 13 10 44
4 13 11 15
4 13 12 18
4 13 13 43
4 13 14 23
4 13 15 9
4 13 16 42
4 13 17 11
4 13 18 32
4 14 0 19
4 14 1 45
4 14 2 48
4 14 3 7
4 14 4 36
4 14 5 16
4 14 6 26
4 14 7 18
4 14 8 49
4 14 9 31
4 14 10 9
4 14 11 12
4 14 12 40
4 14 13 34
4 14 14 13
4 14 15 20
4 14 16 17
4 14 17 39
4 14 18 22
4 15 0 44
4 15 1 35
4 15 2 28
4 15 3 34
4 15 4 3
4 15 5 32
4 15 6 18
4 15 7 30
4 15 8 53
4 15 9 8
4 15 10 41
4 15 11 29
4 15 12 50
4 15 13 9
4 15 14 42
4 15 15 0
4 15 16 39
4 15 17 37
4 15 18 51
4 16 0 52
4 16 1 28
4 16 2 39
4 16 3 45
4 16 4 42
4 16 5 10
4 16 6 27
4 16 7 23
4 16 8 6
4 16 9 2
4 16 10 47
4 16 11 37
4 16 12 15
4 16 13 46
4 16 14 17
4 16 15 53
4 16 16 29
4 16 17 49
4 16 18 43
4 17 0 46
4 17 1 53
4 17 2 7
4 17 3 43
4 17 4 1
4 17 5 25
4 17 6 31
4 17 7 12
4 17 8 0
4 17 9 33
4 17 10 27
4 17 11 3
4 17 12 6
4 17 13 10
4 17 14 26
4 17 15 47
4 17 16 34
4 17 17 42
4 17 18 48
4 18 0 11
4 18 1 15
4 18 2 27
4 18 3 4
4 18 4 47
4 18 5 26
4 18 6 6
4 18 7 3
4 18 8 32
4 18 9 52
4 18 10 18
4 18 11 20
4 18 12 8
4 18 13 40
4 18 14 38
4 18 15 23
4 18 16 41
4 18 17 45
4 18 18 44
5 0 0 28
5 0 1 5
5 0 2 47
5 0 3 27
5 0 4 7
5 0 5 4
5 0 6 33
5 0 7 52
5 0 8 0
5 0 9 21
5 0 10 9
5 0 11 40
5 0 12 38
5 0 13 24
5 0 14 41
5 0 15 45
5 0 16 44
5 0 17 12
5 0 18 16
5 1 0 4
5 1 1 23
5 1 2 29
5 1 3 7
5 1 4 9
5 1 5 34
5 1 6 41
5 1 7 15
5 1 8 38
5 1 9 17
5 1 10 54
5 1 11 51
5 1 12 30
5 1 13 40
5 1 14 25
5 1 15 22
5 1 16 0
5 1 17 3
5 1 18 50
5 2 0 31
5 2 1 48
5 2 2 15
5 2 3 4
5 2 4 36
5 2 5 28
5 2 6 10
5 2 7 29
5 2 8 5
5 2 9 40
5 2 10 13
5 2 11 21
5 2 12 39
5 2 13 37
5 2 14 46
5 2 15 41
5 2 16 2
5 2 17 43
5 2 18 12
5 3 0 41
5 3 1 3
5 3 2 5
5 3 3 23
5 3 4 52
5 3 5 17
5 3 6 31
5 3 7 2
5 3 8 26
5 3 9 28
5 3 10 47
5 3 11 38
5 3 12 25
5 3 13 48
5 3 14 22
5 3 15 16
5 3 16 4
5 3 17 18
5 3 18 33
5 4 0 14
5 4 1 12
5 4 2 23
5 4 3 35
5 4 4 15
5 4 5 30
5 4 6 2
5 4 7 20
5 4 8 34
5 4 9 31
5 4 10 24
5 4 11 36
5 4 12 33
5 4 13 28
5 4 14 8
5 4 15 37
5 4 16 41
5 4 17 32
5 4 18 25
5 5 0 1
5 5 1 38
5 5 2 34
5 5 3 15
5 5 4 49
5 5 5 18
5 5 6 26
5 5 7 54
5 5 8 23
5 5 9 5
5 5 10 42
5 5 11 20
5 5 12 22
5 5 13 11
5 5 14 36
5 5 15 14
5 5 16 50
5 5 17 25
5 5 18 9
5 6 0 40
5 6 1 36
5 6 2 53
5 6 3 52
5 6 4 2
5 6 5 39
5 6 6 51
5 6 7 30
5 6 8 54
5 6 9 27
5 6 10 48
5 6 11 45
5 6 12 8
5 6 13 19
5 6 14 14
5 6 15 20
5 6 16 31
5 6 17 17
5 6 18 15
5 7 0 25
5 7 1 11
5 7 2 6
5 7 3 13
5 7 4 39
5 7 5 26
5 7 6 23
5 7 7 53
5 7 8 37
5 7 9 46
5 7 10 45
5 7 11 8
5 7 12 49
5 7 13 12
5 7 14 51
5 7 15 33
5 7 16 5
5 7 17 7
5 7 18 19
5 8 0 17
5 8 1 20
5 8 2 8
5 8 3 39
5 8 4 46
5 8 5 38
5 8 6 52
5 8 7 24
5 8 8 16
5 8 9 45
5 8 10 5
5 8 11 27
5 8 12 0
5 8 13 43
5 8 14 34
5 8 15 6
5 8 16 14
5 8 17 21
5 8 18 42
5 9 0 52
5 9 1 7
5 9 2 10
5 9 3 44
5 9 4 40
5 9 5 51
5 9 6 32
5 9 7 48
5 9 8 21
5 9 9 12
5 9 10 49
5 9 11 14
5 9 12 20
5 9 13 33
5 9 14 1
5 9 15 3
5 9 16 35
5 9 17 22
5 9 18 6
5 10 0 13
5 10 1 17
5 10 2 19
5 10 3 43
5 10 4 50
5 10 5 53
5 10 6 37
5 10 7 42
5 10 8 1
5 10 9 44
5 10 10 10
5 10 11 29
5 10 12 54
5 10 13 6
5 10 14 3
5 10 15 24
5 10 16 20
5 10 17 5
5 10 18 47
5 11 0 32
5 11 1 19
5 11 2 31
5 11 3 49
5 11 4 51
5 11 5 29
5 11 6 47
5 11 7 18
5 11 8 3
5 11 9 6
5 11 10 38
5 11 11 37
5 11 12 9
5 11 13 16
5 11 14 50
5 11 15 36
5 11 16 8
5 11 17 34
5 11 18 2
5 12 0 38
5 12 1 40
5 12 2 48
5 12 3 28
5 12 4 25
5 12 5 41
5 12 6 11
5 12 7 27
5 12 8 13
5 12 9 32
5 12 10 44
5 12 11 7
5 12 12 3
5 12 13 35
5 12 14 43
5 12 15 18
5 12 16 21
5 12 17 54
5 12 18 30
5 13 0 37
5 13 1 47
5 13 2 22
5 13 3 54
5 13 4 34
5 13 5 9
5 13 6 44
5 13 7 0
5 13 8 24
5 13 9 52
5 13 10 53
5 13 11 1
5 13 12 51
5 13 13 49
5 13 14 10
5 13 15 50
5 13 16 6
5 13 17 26
5 13 18 46
5 14 0 46
5 14 1 30
5 14 2 45
5 14 3 22
5 14 4 11
5 14 5 54
5 14 6 15
5 14 7 50
5 14 8 44
5 14 9 16
5 14 10 0
5 14 11 43
5 14 12 24
5 14 13 10
5 14 14 42
5 14 15 12
5 14 16 33
5 14 17 2
5 14 18 26
5 15 0 48
5 15 1 8
5 15 2 37
5 15 3 17
5 15 4 27
5 15 5 0
5 15 6 49
5 15 7 32
5 15 8 10
5 15 9 13
5 15 10 40
5 15 11 35
5 15 12 14
5 15 13 21
5 15 14 18
5 15 15 39
5 15 16 23
5 15 17 20
5 15 18 45
5 16 0 29
5 16 1 35
5 16 2 4
5 16 3 33
5 16 4 0
5 16 5 31
5 16 6 53
5 16 7 9
5 16 8 41
5 16 9 30
5 16 10 50
5 16 11 10
5 16 12 42
5 16 13 1
5 16 14 39
5 16 15 19
5 16 16 51
5 16 17 44
5 16 18 36
5 17 0 39
5 17 1 45
5 17 2 42
5 17 3 11
5 17 4 28
5 17 5 24
5 17 6 7
5 17 7 3
5 17 8 47
5 17 9 19
5 17 10 16
5 17 11 46
5 17 12 18
5 17 13 53
5 17 14 30
5 17 15 49
5 17 16 43
5 17 17 52
5 17 18 29
5 18 0 8
5 18 1 43
5 18 2 2
5 18 3 26
5 18 4 32
5 18 5 13
5 18 6 1
5 18 7 34
5 18 8 28
5 18 9 4
5 18 10 7
5 18 11 11
5 18 12 27
5 18 13 47
5 18 14 35
5 18 15 42
5 18 16 48
5 18 17 46
5 18 18 53
6 0 0 3
6 0 1 27
6 0 2 33
6 0 3 14
6 0 4 2
6 0 5 35
6 0 6 29
6 0 7 5
6 0 8 8
6 0 9 12
6 0 10 28
6 0 11 47
6 0 12 36
6 0 13 42
6 0 14 48
6 0 15 46
6 0 16 53
6 0 17 9
6 0 18 43
6 1 0 47
6 1 1 28
6 1 2 8
6 1 3 5
6 1 4 34
6 1 5 52
6 1 6 1
6 1 7 22
6 1 8 10
6 1 9 40
6 1 10 38
6 1 11 25
6 1 12 41
6 1 13 45
6 1 14 44
6 1 15 13
6 1 16 17
6 1 17 29
6 1 18 6
6 2 0 30
6 2 1 8
6 2 2 10
6 2 3 35
6 2 4 41
6 2 5 16
6 2 6 38
6 2 7 18
6 2 8 54
6 2 9 51
6 2 10 31
6 2 11 40
6 2 12 26
6 2 13 23
6 2 14 1
6 2 15 4
6 2 16 50
6 2 17 5
6 2 18 24
6 3 0 16
6 3 1 5
6 3 2 37
6 3 3 29
6 3 4 11
6 3 5 30
6 3 6 6
6 3 7 40
6 3 8 14
6 3 9 22
6 3 10 39
6 3 11 19
6 3 12 46
6 3 13 41
6 3 14 3
6 3 15 43
6 3 16 13
6 3 17 32
6 3 18 48
6 4 0 6
6 4 1 24
6 4 2 52
6 4 3 18
6 4 4 32
6 4 5 3
6 4 6 27
6 4 7 29
6 4 8 47
6 4 9 38
6 4 10 26
6 4 11 48
6 4 12 23
6 4 13 17
6 4 14 5
6 4 15 0
6 4 16 34
6 4 17 41
6 4 18 4
6 5 0 24
6 5 1 36
6 5 2 16
6 5 3 31
6 5 4 3
6 5 5 21
6 5 6 35
6 5 7 32
6 5 8 25
6 5 9 37
6 5 10 34
6 5 11 29
6 5 12 9
6 5 13 19
6 5 14 41
6 5 15 33
6 5 16 26
6 5 17 15
6 5 18 13
6 6 0 35
6 6 1 16
6 6 2 49
6 6 3 0
6 6 4 27
6 6 5 54
6 6 6 24
6 6 7 6
6 6 8 42
6 6 9 21
6 6 10 23
6 6 11 12
6 6 12 37
6 6 13 15
6 6 14 50
6 6 15 26
6 6 16 10
6 6 17 2
6 6 18 38
6 7 0 53
6 7 1 52
6 7 2 3
6 7 3 39
6 7 4 51
6 7 5 31
6 7 6 54
6 7 7 28
6 7 8 48
6 7 9 45
6 7 10 9
6 7 11 20
6 7 12 15
6 7 13 21
6 7 14 32
6 7 15 18
6 7 16 16
6 7 17 40
6 7 18 37
6 8 0 7
6 8 1 14
6 8 2 39
6 8 3 27
6 8 4 24
6 8 5 53
6 8 6 19
6 8 7 46
6 8 8 45
6 8 9 9
6 8 10 49
6 8 11 13
6 8 12 51
6 8 13 34
6 8 14 6
6 8 15 8
6 8 16 20
6 8 17 26
6 8 18 12
6 9 0 9
6 9 1 39
6 9 2 46
6 9 3 38
6 9 4 52
6 9 5 25
6 9 6 17
6 9 7 45
6 9 8 6
6 9 9 28
6 9 10 1
6 9 11 43
6 9 12 35
6 9 13 7
6 9 14 15
6 9 15 22
6 9 16 42
6 9 17 18
6 9 18 21
6 10 0 11
6 10 1 44
6 10 2 40
6 10 3 51
6 10 4 33
6 10 5 48
6 10 6 22
6 10 7 13
6 10 8 49
6 10 9 15
6 10 10 21
6 10 11 34
6 10 12 2
6 10 13 4
6 10 14 36
6 10 15 23
6 10 16 7
6 10 17 52
6 10 18 8
6 11 0 20
6 11 1 43
6 11 2 50
6 11 3 53
6 11 4 19
6 11 5 42
6 11 6 2
6 11 7 44
6 11 8 11
6 11 9 30
6 11 10 54
6 11 11 7
6 11 12 4
6 11 13 25
6 11 14 21
6 11 15 6
6 11 16 47
6 11 17 14
6 11 18 18
6 12 0 32
6 12 1 49
6 12 2 51
6 12 3 30
6 12 4 47
6 12 5 0
6 12 6 4
6 12 7 7
6 12 8 38
6 12 9 19
6 12 10 10
6 12 11 17
6 12 12 50
6 12 13 37
6 12 14 9
6 12 15 35
6 12 16 3
6 12 17 33
6 12 18 20
6 13 0 48
6 13 1 29
6 13 2 26
6 13 3 41
6 13 4 12
6 13 5 28
6 13 6 14
6 13 7 33
6 13 8 44
6 13 9 8
6 13 10 4
6 13 11 36
6 13 12 43
6 13 13 0
6 13 14 22
6 13 15 54
6 13 16 31
6 13 17 38
6 13 18 40
6 14 0 23
6 14 1 54
6 14 2 35
6 14 3 10
6 14 4 44
6 14 5 1
6 14 6 25
6 14 7 52
6 14 8 53
6 14 9 2
6 14 10 51
6 14 11 49
6 14 12 11
6 14 13 50
6 14 14 7
6 14 15 27
6 14 16 46
6 14 17 19
6 14 18 47
6 15 0 45
6 15 1 23
6 15 2 12
6 15 3 54
6 15 4 16
6 15 5 50
6 15 6 44
6 15 7 17
6 15 8 1
6 15 9 43
6 15 10 25
6 15 11 11
6 15 12 42
6 15 13 13
6 15 14 34
6 15 15 3
6 15 16 27
6 15 17 46
6 15 18 31
6 16 0 19
6 16 1 18
6 16 2 28
6 16 3 1
6 16 4 49
6 16 5 33
6 16 6 11
6 16 7 14
6 16 8 40
6 16 9 36
6 16 10 15
6 16 11 22
6 16 12 0
6 16 13 39
6 16 14 24
6 16 15 21
6 16 16 45
6 16 17 48
6 16 18 9
6 17 0 5
6 17 1 34
6 17 2 1
6 17 3 32
6 17 4 53
6 17 5 10
6 17 6 41
6 17 7 31
6 17 8 50
6 17 9 11
6 17 10 42
6 17 11 2
6 17 12 39
6 17 13 20
6 17 14 51
6 17 15 44
6 17 16 37
6 17 17 30
6 17 18 36
6 18 0 42
6 18 1 12
6 18 2 29
6 18 3 25
6 18 4 8
6 18 5 4
6 18 6 47
6 18 7 20
6 18 8 17
6 18 9 46
6 18 10 0
6 18 11 53
6 18 12 31
6 18 13 49
6 18 14 43
6 18 15 52
6 18 16 30
6 18 17 39
6 18 18 45
7 0 0 30
7 0 1 26
7 0 2 9
7 0 3 5
7 0 4 47
7 0 5 21
7 0 6 18
7 0 7 46
7 0 8 1
7 0 9 53
7 0 10 32
7 0 11 49
7 0 12 43
7 0 13 52
7 0 14 31
7 0 15 39
7 0 16 45
7 0 17 42
7 0 18 13
7 1 0 34
7 1 1 15
7 1 2 3
7 1 3 36
7 1 4 30
7 1 5 6
7 1 6 9
7 1 7 13
7 1 8 29
7 1 9 47
7 1 10 37
7 1 11 42
7 1 12 48
7 1 13 46
7 1 14 53
7 1 15 10
7 1 16 43
7 1 17 4
7 1 18 28
7 2 0 9
7 2 1 6
7 2 2 35
7 2 3 52
7 2 4 2
7 2 5 23
7 2 6 11
7 2 7 40
7 2 8 38
7 2 9 26
7 2 10 41
7 2 11 45
7 2 12 44
7 2 13 14
7 2 14 18
7 2 15 30
7 2 16 7
7 2 17 47
7 2 18 29
7 3 0 11
7 3 1 36
7 3 2 41
7 3 3 17
7 3 4 38
7 3 5 0
7 3 6 54
7 3 7 51
7 3 8 32
7 3 9 40
7 3 10 27
7 3 11 24
7 3 12 2
7 3 13 5
7 3 14 50
7 3 15 6
7 3 16 25
7 3 17 31
7 3 18 9
7 4 0 19
7 4 1 30
7 4 2 12
7 4 3 31
7 4 4 7
7 4 5 40
7 4 6 15
7 4 7 23
7 4 8 39
7 4 9 20
7 4 10 46
7 4 11 41
7 4 12 4
7 4 13 43
7 4 14 14
7 4 15 33
7 4 16 48
7 4 17 17
7 4 18 6
7 5 0 52
7 5 1 0
7 5 2 33
7 5 3 4
7 5 4 28
7 5 5 30
7 5 6 47
7 5 7 38
7 5 8 27
7 5 9 48
7 5 10 24
7 5 11 18
7 5 12 6
7 5 13 1
7 5 14 35
7 5 15 41
7 5 16 5
7 5 17 7
7 5 18 25
7 6 0 17
7 6 1 32
7 6 2 4
7 6 3 22
7 6 4 36
7 6 5 33
7 6 6 26
7 6 7 19
7 6 8 35
7 6 9 30
7 6 10 10
7 6 11 20
7 6 12 41
7 6 13 34
7 6 14 27
7 6 15 16
7 6 16 14
7 6 17 25
7 6 18 37
7 7 0 49
7 7 1 1
7 7 2 28
7 7 3 54
7 7 4 25
7 7 5 7
7 7 6 42
7 7 7 22
7 7 8 24
7 7 9 13
7 7 10 19
7 7 11 16
7 7 12 50
7 7 13 27
7 7 14 11
7 7 15 3
7 7 16 38
7 7 17 36
7 7 18 17
7 8 0 4
7 8 1 39
7 8 2 51
7 8 3 32
7 8 4 54
7 8 5 29
7 8 6 48
7 8 7 45
7 8 8 10
7 8 9 21
7 8 10 16
7 8 11 22
7 8 12 33
7 8 13 0
7 8 14 17
7 8 15 40
7 8 16 19
7 8 17 53
7 8 18 52
7 9 0 39
7 9 1 28
7 9 2 25
7 9 3 53
7 9 4 20
7 9 5 46
7 9 6 45
7 9 7 10
7 9 8 49
7 9 9 14
7 9 10 51
7 9 11 35
7 9 12 7
7 9 13 9
7 9 14 21
7 9 15 27
7 9 16 13
7 9 17 8
7 9 18 15
7 10 0 46
7 10 1 38
7 10 2 52
7 10 3 26
7 10 4 18
7 10 5 45
7 10 6 7
7 10 7 29
7 10 8 2
7 10 9 43
7 10 10 36
7 10 11 8
7 10 12 16
7 10 13 23
7 10 14 42
7 10 15 0
7 10 16 22
7 10 17 10
7 10 18 39
7 11 0 40
7 11 1 51
7 11 2 34
7 11 3 48
7 11 4 23
7 11 5 14
7 11 6 49
7 11 7 16
7 11 8 22
7 11 9 35
7 11 10 3
7 11 11 5
7 11 12 37
7 11 13 24
7 11 14 8
7 11 15 52
7 11 16 9
7 11 17 12
7 11 18 44
7 12 0 50
7 12 1 53
7 12 2 20
7 12 3 42
7 12 4 3
7 12 5 44
7 12 6 12
7 12 7 31
7 12 8 54
7 12 9 8
7 12 10 5
7 12 11 26
7 12 12 22
7 12 13 7
7 12 14 47
7 12 15 15
7 12 16 0
7 12 17 21
7 12 18 43
7 13 0 51
7 13 1 31
7 13 2 47
7 13 3 1
7 13 4 5
7 13 5 8
7 13 6 38
7 13 7 20
7 13 8 11
7 13 9 18
7 13 10 50
7 13 11 19
7 13 12 10
7 13 13 36
7 13 14 4
7 13 15 34
7 13 16 21
7 13 17 33
7 13 18 49
7 14 0 27
7 14 1 41
7 14 2 13
7 14 3 29
7 14 4 15
7 14 5 34
7 14 6 44
7 14 7 9
7 14 8 5
7 14 9 37
7 14 10 43
7 14 11 1
7 14 12 23
7 14 13 54
7 14 14 32
7 14 15 38
7 14 16 40
7 14 17 48
7 14 18 30
7 15 0 36
7 15 1 11
7 15 2 44
7 15 3 2
7 15 4 26
7 15 5 52
7 15 6 53
7 15 7 3
7 15 8 51
7 15 9 49
7 15 10 12
7 15 11 50
7 15 12 8
7 15 13 28
7 15 14 46
7 15 15 20
7 15 16 47
7 15 17 24
7 15 18 54
7 16 0 13
7 16 1 54
7 16 2 17
7 16 3 50
7 16 4 44
7 16 5 18
7 16 6 2
7 16 7 43
7 16 8 26
7 16 9 12
7 16 10 42
7 16 11 14
7 16 12 35
7 16 13 4
7 16 14 28
7 16 15 46
7 16 16 32
7 16 17 45
7 16 18 24
7 17 0 29
7 17 1 2
7 17 2 49
7 17 3 34
7 17 4 12
7 17 5 15
7 17 6 40
7 17 7 37
7 17 8 16
7 17 9 23
7 17 10 1
7 17 11 39
7 17 12 25
7 17 13 22
7 17 14 45
7 17 15 48
7 17 16 10
7 17 17 20
7 17 18 0
7 18 0 2
7 18 1 33
7 18 2 53
7 18 3 11
7 18 4 41
7 18 5 32
7 18 6 50
7 18 7 12
7 18 8 42
7 18 9 3
7 18 10 39
7 18 11 21
7 18 12 51
7 18 13 44
7 18 14 19
7 18 15 31
7 18 16 37
7 18 17 6
7 18 18 35
8 0 0 53
8 0 1 12
8 0 2 41
8 0 3 33
8 0 4 50
8 0 5 13
8 0 6 42
8 0 7 4
8 0 8 39
8 0 9 22
8 0 10 51
8 0 11 44
8 0 12 20
8 0 13 32
8 0 14 19
8 0 15 7
8 0 16 36
8 0 17 3
8 0 18 34
8 1 0 10
8 1 1 6
8 1 2 47
8 1 3 22
8 1 4 0
8 1 5 46
8 1 6 2
8 1 7 53
8 1 8 33
8 1 9 49
8 1 10 43
8 1 11 52
8 1 12 32
8 1 13 39
8 1 14 45
8 1 15 42
8 1 16 14
8 1 17 31
8 1 18 27
8 2 0 4
8 2 1 37
8 2 2 31
8 2 3 7
8 2 4 10
8 2 5 14
8 2 6 30
8 2 7 47
8 2 8 19
8 2 9 42
8 2 10 48
8 2 11 46
8 2 12 53
8 2 13 11
8 2 14 43
8 2 15 5
8 2 16 29
8 2 17 35
8 2 18 16
8 3 0 36
8 3 1 52
8 3 2 3
8 3 3 24
8 3 4 12
8 3 5 40
8 3 6 38
8 3 7 27
8 3 8 41
8 3 9 45
8 3 10 44
8 3 11 15
8 3 12 0
8 3 13 31
8 3 14 8
8 3 15 47
8 3 16 30
8 3 17 10
8 3 18 7
8 4 0 41
8 4 1 18
8 4 2 38
8 4 3 1
8 4 4 54
8 4 5 51
8 4 6 33
8 4 7 40
8 4 8 28
8 4 9 25
8 4 10 3
8 4 11 6
8 4 12 50
8 4 13 7
8 4 14 26
8 4 15 32
8 4 16 10
8 4 17 12
8 4 18 37
8 5 0 13
8 5 1 32
8 5 2 8
8 5 3 40
8 5 4 16
8 5 5 24
8 5 6 39
8 5 7 21
8 5 8 46
8 5 9 41
8 5 10 5
8 5 11 43
8 5 12 15
8 5 13 34
8 5 14 48
8 5 15 18
8 5 16 7
8 5 17 20
8 5 18 31
8 6 0 34
8 6 1 5
8 6 2 29
8 6 3 31
8 6 4 47
8 6 5 38
8 6 6 28
8 6 7 48
8 6 8 25
8 6 9 0
8 6 10 7
8 6 11 2
8 6 12 36
8 6 13 41
8 6 14 6
8 6 15 8
8 6 16 26
8 6 17 52
8 6 18 1
8 7 0 5
8 7 1 23
8 7 2 37
8 7 3 34
8 7 4 27
8 7 5 20
8 7 6 36
8 7 7 31
8 7 8 11
8 7 9 21
8 7 10 41
8 7 11 35
8 7 12 28
8 7 13 17
8 7 14 15
8 7 15 26
8 7 16 19
8 7 17 18
8 7 18 33
8 8 0 29
8 8 1 54
8 8 2 26
8 8 3 8
8 8 4 42
8 8 5 23
8 8 6 25
8 8 7 14
8 8 8 20
8 8 9 17
8 8 10 50
8 8 11 28
8 8 12 12
8 8 13 4
8 8 14 38
8 8 15 37
8 8 16 18
8 8 17 49
8 8 18 2
8 9 0 51
8 9 1 33
8 9 2 54
8 9 3 30
8 9 4 48
8 9 5 45
8 9 6 11
8 9 7 22
8 9 8 17
8 9 9 23
8 9 10 34
8 9 11 1
8 9 12 18
8 9 13 40
8 9 14 20
8 9 15 53
8 9 16 52
8 9 17 5
8 9 18 39
8 10 0 26
8 10 1 53
8 10 2 21
8 10 3 46
8 10 4 45
8 10 5 11
8 10 6 49
8 10 7 15
8 10 8 51
8 10 9 36
8 10 10 8
8 10 11 10
8 10 12 22
8 10 13 28
8 10 14 14
8 10 15 9
8 10 16 16
8 10 17 39
8 10 18 29
8 11 0 52
8 11 1 27
8 11 2 0
8 11 3 45
8 11 4 8
8 11 5 30
8 11 6 3
8 11 7 43
8 11 8 37
8 11 9 9
8 11 10 17
8 11 11 24
8 11 12 42
8 11 13 1
8 11 14 23
8 11 15 11
8 11 16 39
8 11 17 46
8 11 18 38
8 12 0 35
8 12 1 48
8 12 2 24
8 12 3 15
8 12 4 49
8 12 5 17
8 12 6 23
8 12 7 36
8 12 8 4
8 12 9 6
8 12 10 19
8 12 11 25
8 12 12 9
8 12 13 52
8 12 14 10
8 12 15 13
8 12 16 44
8 12 17 40
8 12 18 51
8 13 0 21
8 13 1 42
8 13 2 4
8 13 3 44
8 13 4 13
8 13 5 32
8 13 6 54
8 13 7 9
8 13 8 6
8 13 9 27
8 13 10 23
8 13 11 8
8 13 12 47
8 13 13 16
8 13 14 1
8 13 15 22
8 13 16 43
8 13 17 50
8 13 18 53
8 14 0 47
8 14 1 2
8 14 2 6
8 14 3 9
8 14 4 38
8 14 5 21
8 14 6 12
8 14 7 0
8 14 8 50
8 14 9 20
8 14 10 11
8 14 11 37
8 14 12 5
8 14 13 35
8 14 14 22
8 14 15 34
8 14 16 49
8 14 17 51
8 14 18 32
8 15 0 14
8 15 1 30
8 15 2 16
8 15 3 35
8 15 4 44
8 15 5 10
8 15 6 6
8 15 7 19
8 15 8 43
8 15 9 2
8 15 10 24
8 15 11 54
8 15 12 33
8 15 13 38
8 15 14 40
8 15 15 48
8 15 16 31
8 15 17 28
8 15 18 41
8 16 0 44
8 16 1 3
8 16 2 27
8 16 3 52
8 16 4 53
8 16 5 4
8 16 6 51
8 16 7 49
8 16 8 13
8 16 9 50
8 16 10 9
8 16 11 29
8 16 12 46
8 16 13 21
8 16 14 47
8 16 15 25
8 16 16 54
8 16 17 37
8 16 18 12
8 17 0 18
8 17 1 50
8 17 2 44
8 17 3 0
8 17 4 3
8 17 5 43
8 17 6 27
8 17 7 13
8 17 8 42
8 17 9 15
8 17 10 36
8 17 11 5
8 17 12 29
8 17 13 46
8 17 14 33
8 17 15 45
8 17 16 25
8 17 17 14
8 17 18 54
8 18 0 49
8 18 1 35
8 18 2 13
8 18 3 16
8 18 4 40
8 18 5 19
8 18 6 17
8 18 7 24
8 18 8 2
8 18 9 39
8 18 10 26
8 18 11 23
8 18 12 45
8 18 13 48
8 18 14 11
8 18 15 21
8 18 16 1
8 18 17 30
8 18 18 3
9 0 0 14
9 0 1 17
9 0 2 40
9 0 3 20
9 0 4 18
9 0 5 25
9 0 6 3
9 0 7 39
9 0 8 27
9 0 9 24
9 0 10 45
9 0 11 48
9 0 12 12
9 0 13 22
9 0 14 2
9 0 15 31
9 0 16 4
9 0 17 49
9 0 18 36
9 1 0 41
9 1 1 34
9 1 2 50
9 1 3 14
9 1 4 42
9 1 5 5
9 1 6 39
9 1 7 23
9 1 8 51
9 1 9 44
9 1 10 21
9 1 11 33
9 1 12 20
9 1 13 8
9 1 14 37
9 1 15 4
9 1 16 35
9 1 17 53
9 1 18 13
9 2 0 47
9 2 1 23
9 2 2 1
9 2 3 46
9 2 4 3
9 2 5 53
9 2 6 34
9 2 7 49
9 2 8 43
9 2 9 52
9 2 10 33
9 2 11 39
9 2 12 45
9 2 13 42
9 2 14 15
9 2 15 32
9 2 16 28
9 2 17 11
9 2 18 7
9 3 0 32
9 3 1 8
9 3 2 11
9 3 3 15
9 3 4 31
9 3 5 47
9 3 6 20
9 3 7 42
9 3 8 48
9 3 9 46
9 3 10 53
9 3 11 12
9 3 12 43
9 3 13 6
9 3 14 30
9 3 15 36
9 3 16 17
9 3 17 5
9 3 18 19
9 4 0 4
9 4 1 25
9 4 2 13
9 4 3 40
9 4 4 38
9 4 5 28
9 4 6 41
9 4 7 45
9 4 8 44
9 4 9 16
9 4 10 1
9 4 11 32
9 4 12 9
9 4 13 47
9 4 14 31
9 4 15 11
9 4 16 8
9 4 17 37
9 4 18 52
9 5 0 38
9 5 1 2
9 5 2 54
9 5 3 51
9 5 4 34
9 5 5 40
9 5 6 29
9 5 7 26
9 5 8 4
9 5 9 7
9 5 10 50
9 5 11 8
9 5 12 27
9 5 13 33
9 5 14 11
9 5 15 13
9 5 16 19
9 5 17 41
9 5 18 0
9 6 0 9
9 6 1 40
9 6 2 17
9 6 3 25
9 6 4 39
9 6 5 22
9 6 6 46
9 6 7 41
9 6 8 6
9 6 9 43
9 6 10 16
9 6 11 35
9 6 12 48
9 6 13 0
9 6 14 8
9 6 15 21
9 6 16 32
9 6 17 14
9 6 18 33
9 7 0 30
9 7 1 32
9 7 2 47
9 7 3 38
9 7 4 29
9 7 5 48
9 7 6 26
9 7 7 1
9 7 8 8
9 7 9 3
9 7 10 37
9 7 11 41
9 7 12 7
9 7 13 9
9 7 14 27
9 7 15 52
9 7 16 2
9 7 17 35
9 7 18 6
9 8 0 19
9 8 1 35
9 8 2 28
9 8 3 21
9 8 4 37
9 8 5 32
9 8 6 12
9 8 7 22
9 8 8 41
9 8 9 36
9 8 10 29
9 8 11 18
9 8 12 16
9 8 13 27
9 8 14 20
9 8 15 0
9 8 16 34
9 8 17 6
9 8 18 24
9 9 0 27
9 9 1 9
9 9 2 42
9 9 3 24
9 9 4 26
9 9 5 15
9 9 6 21
9 9 7 18
9 9 8 50
9 9 9 29
9 9 10 13
9 9 11 5
9 9 12 38
9 9 13 19
9 9 14 0
9 9 15 49
9 9 16 3
9 9 17 30
9 9 18 54
9 10 0 54
9 10 1 31
9 10 2 48
9 10 3 45
9 10 4 12
9 10 5 23
9 10 6 18
9 10 7 24
9 10 8 35
9 10 9 2
9 10 10 0
9 10 11 40
9 10 12 21
9 10 13 53
9 10 14 52
9 10 15 6
9 10 16 39
9 10 17 51
9 10 18 34
9 11 0 22
9 11 1 46
9 11 2 45
9 11 3 12
9 11 4 49
9 11 5 16
9 11 6 51
9 11 7 37
9 11 8 9
9 11 9 11
9 11 10 23
9 11 11 29
9 11 12 15
9 11 13 10
9 11 14 17
9 11 15 39
9 11 16 30
9 11 17 27
9 11 18 53
9 12 0 1
9 12 1 45
9 12 2 9
9 12 3 31
9 12 4 4
9 12 5 43
9 12 6 19
9 12 7 10
9 12 8 18
9 12 9 25
9 12 10 42
9 12 11 2
9 12 12 24
9 12 13 12
9 12 14 39
9 12 15 46
9 12 16 38
9 12 17 52
9 12 18 28
9 13 0 25
9 13 1 16
9 13 2 49
9 13 3 18
9 13 4 24
9 13 5 37
9 13 6 5
9 13 7 7
9 13 8 20
9 13 9 26
9 13 10 10
9 13 11 52
9 13 12 11
9 13 13 14
9 13 14 44
9 13 15 40
9 13 16 51
9 13 17 36
9 13 18 48
9 14 0 5
9 14 1 44
9 14 2 14
9 14 3 33
9 14 4 54
9 14 5 10
9 14 6 7
9 14 7 28
9 14 8 24
9 14 9 9
9 14 10 47
9 14 11 17
9 14 12 2
9 14 13 23
9 14 14 43
9 14 15 50
9 14 16 53
9 14 17 22
9 14 18 42
9 15 0 7
9 15 1 10
9 15 2 38
9 15 3 22
9 15 4 13
9 15 5 1
9 15 6 50
9 15 7 21
9 15 8 12
9 15 9 19
9 15 10 6
9 15 11 36
9 15 12 23
9 15 13 35
9 15 14 49
9 15 15 51
9 15 16 33
9 15 17 47
9 15 18 3
9 16 0 17
9 16 1 36
9 16 2 44
9 16 3 11
9 16 4 7
9 16 5 20
9 16 6 43
9 16 7 3
9 16 8 25
9 16 9 54
9 16 10 34
9 16 11 38
9 16 12 40
9 16 13 48
9 16 14 32
9 16 15 29
9 16 16 41
9 16 17 15
9 16 18 31
9 17 0 28
9 17 1 52
9 17 2 53
9 17 3 5
9 17 4 51
9 17 5 49
9 17 6 14
9 17 7 50
9 17 8 10
9 17 9 30
9 17 10 46
9 17 11 22
9 17 12 47
9 17 13 26
9 17 14 54
9 17 15 19
9 17 16 13
9 17 17 44
9 17 18 4
9 18 0 44
9 18 1 1
9 18 2 4
9 18 3 43
9 18 4 28
9 18 5 14
9 18 6 42
9 18 7 16
9 18 8 37
9 18 9 6
9 18 10 30
9 18 11 46
9 18 12 34
9 18 13 45
9 18 14 26
9 18 15 15
9 18 16 54
9 18 17 0
9 18 18 50
10 0 0 5
10 0 1 43
10 0 2 29
10 0 3 15
10 0 4 42
10 0 5 17
10 0 6 19
10 0 7 7
10 0 8 31
10 0 9 46
10 0 10 35
10 0 11 45
10 0 12 27
10 0 13 16
10 0 14 54
10 0 15 1
10 0 16 50
10 0 17 44
10 0 18 2
10 1 0 40
10 1 1 21
10 1 2 0
10 1 3 26
10 1 4 4
10 1 5 39
10 1 6 28
10 1 7 25
10 1 8 45
10 1 9 48
10 1 10 13
10 1 11 23
10 1 12 3
10 1 13 32
10 1 14 5
10 1 15 49
10 1 16 37
10 1 17 15
10 1 18 18
10 2 0 50
10 2 1 15
10 2 2 42
10 2 3 6
10 2 4 39
10 2 5 24
10 2 6 51
10 2 7 44
10 2 8 22
10 2 9 34
10 2 10 21
10 2 11 9
10 2 12 19
10 2 13 5
10 2 14 36
10 2 15 53
10 2 16 14
10 2 17 41
10 2 18 35
10 3 0 2
10 3 1 46
10 3 2 4
10 3 3 53
10 3 4 35
10 3 5 49
10 3 6 43
10 3 7 52
10 3 8 34
10 3 9 39
10 3 10 45
10 3 11 42
10 3 12 16
10 3 13 33
10 3 14 29
10 3 15 12
10 3 16 8
10 3 17 47
10 3 18 24
10 4 0 12
10 4 1 16
10 4 2 32
10 4 3 47
10 4 4 21
10 4 5 42
10 4 6 48
10 4 7 46
10 4 8 53
10 4 9 13
10 4 10 43
10 4 11 7
10 4 12 31
10 4 13 37
10 4 14 18
10 4 15 6
10 4 16 20
10 4 17 33
10 4 18 9
10 5 0 14
10 5 1 40
10 5 2 38
10 5 3 29
10 5 4 41
10 5 5 45
10 5 6 44
10 5 7 17
10 5 8 2
10 5 9 33
10 5 10 10
10 5 11 47
10 5 12 32
10 5 13 12
10 5 14 9
10 5 15 19
10 5 16 52
10 5 17 5
10 5 18 26
10 6 0 54
10 6 1 51
10 6 2 35
10 6 3 40
10 6 4 30
10 6 5 27
10 6 6 5
10 6 7 8
10 6 8 50
10 6 9 9
10 6 10 28
10 6 11 34
10 6 12 12
10 6 13 14
10 6 14 20
10 6 15 41
10 6 16 1
10 6 17 38
10 6 18 3
10 7 0 18
10 7 1 26
10 7 2 39
10 7 3 23
10 7 4 46
10 7 5 41
10 7 6 7
10 7 7 43
10 7 8 17
10 7 9 36
10 7 10 48
10 7 11 1
10 7 12 9
10 7 13 22
10 7 14 33
10 7 15 15
10 7 16 34
10 7 17 10
10 7 18 40
10 8 0 47
10 8 1 38
10 8 2 30
10 8 3 48
10 8 4 27
10 8 5 2
10 8 6 9
10 8 7 4
10 8 8 19
10 8 9 41
10 8 10 8
10 8 11 10
10 8 12 28
10 8 13 52
10 8 14 3
10 8 15 36
10 8 16 7
10 8 17 31
10 8 18 33
10 9 0 29
10 9 1 22
10 9 2 19
10 9 3 33
10 9 4 13
10 9 5 23
10 9 6 41
10 9 7 37
10 9 8 30
10 9 9 0
10 9 10 17
10 9 11 28
10 9 12 21
10 9 13 1
10 9 14 35
10 9 15 7
10 9 16 25
10 9 17 20
10 9 18 36
10 10 0 42
10 10 1 25
10 10 2 27
10 10 3 16
10 10 4 22
10 10 5 0
10 10 6 50
10 10 7 30
10 10 8 14
10 10 9 6
10 10 10 38
10 10 11 20
10 10 12 1
10 10 13 49
10 10 14 4
10 10 15 31
10 10 16 54
10 10 17 28
10 10 18 10
10 11 0 48
10 11 1 45
10 11 2 13
10 11 3 24
10 11 4 0
10 11 5 25
10 11 6 36
10 11 7 3
10 11 8 1
10 11 9 40
10 11 10 22
10 11 11 53
10 11 12 52
10 11 13 7
10 11 14 39
10 11 15 51
10 11 16 35
10 11 17 54
10 11 18 32
10 12 0 45
10 12 1 13
10 12 2 49
10 12 3 17
10 12 4 51
10 12 5 19
10 12 6 10
10 12 7 12
10 12 8 24
10 12 9 30
10 12 10 16
10 12 11 11
10 12 12 18
10 12 13 39
10 12 14 31
10 12 15 28
10 12 16 53
10 12 17 23
10 12 18 46
10 13 0 10
10 13 1 32
10 13 2 5
10 13 3 43
10 13 4 20
10 13 5 11
10 13 6 0
10 13 7 26
10 13 8 42
10 13 9 3
10 13 10 25
10 13 11 13
10 13 12 39
10 13 13 46
10 13 14 38
10 13 15 52
10 13 16 29
10 13 17 2
10 13 18 45
10 14 0 49
10 14 1 0
10 14 2 25
10 14 3 19
10 14 4 6
10 14 5 8
10 14 6 21
10 14 7 27
10 14 8 11
10 14 9 52
10 14 10 12
10 14 11 15
10 14 12 44
10 14 13 40
10 14 14 51
10 14 15 37
10 14 16 48
10 14 17 26
10 14 18 17
10 15 0 15
10 15 1 34
10 15 2 54
10 15 3 11
10 15 4 8
10 15 5 29
10 15 6 25
10 15 7 10
10 15 8 47
10 15 9 18
10 15 10 3
10 15 11 24
10 15 12 43
10 15 13 50
10 15 14 53
10 15 15 23
10 15 16 42
10 15 17 6
10 15 18 44
10 16 0 38
10 16 1 23
10 16 2 14
10 16 3 2
10 16 4 50
10 16 5 22
10 16 6 13
10 16 7 20
10 16 8 7
10 16 9 37
10 16 10 24
10 16 11 36
10 16 12 49
10 16 13 51
10 16 14 34
10 16 15 47
10 16 16 4
10 16 17 8
10 16 18 11
10 17 0 44
10 17 1 12
10 17 2 8
10 17 3 21
10 17 4 43
10 17 5 4
10 17 6 26
10 17 7 54
10 17 8 35
10 17 9 38
10 17 10 40
10 17 11 48
10 17 12 33
10 17 13 30
10 17 14 41
10 17 15 16
10 17 16 32
10 17 17 18
10 17 18 37
10 18 0 53
10 18 1 6
10 18 2 51
10 18 3 49
10 18 4 15
10 18 5 50
10 18 6 11
10 18 7 31
10 18 8 46
10 18 9 23
10 18 10 47
10 18 11 27
10 18 12 54
10 18 13 20
10 18 14 14
10 18 15 44
10 18 16 5
10 18 17 29
10 18 18 52
11 0 0 51
11 0 1 49
11 0 2 16
11 0 3 50
11 0 4 12
11 0 5 32
11 0 6 46
11 0 7 24
11 0 8 47
11 0 9 28
11 0 10 54
11 0 11 21
11 0 12 15
11 0 13 44
11 0 14 6
11 0 15 30
11 0 16 52
11 0 17 53
11 0 18 7
11 1 0 30
11 1 1 16
11 1 2 42
11 1 3 18
11 1 4 20
11 1 5 8
11 1 6 32
11 1 7 46
11 1 8 36
11 1 9 45
11 1 10 28
11 1 11 17
11 1 12 54
11 1 13 2
11 1 14 50
11 1 15 44
11 1 16 3
11 1 17 6
11 1 18 43
11 2 0 1
11 2 1 27
11 2 2 5
11 2 3 39
11 2 4 29
11 2 5 26
11 2 6 45
11 2 7 48
11 2 8 14
11 2 9 24
11 2 10 4
11 2 11 33
11 2 12 6
11 2 13 49
11 2 14 19
11 2 15 16
11 2 16 0
11 2 17 40
11 2 18 22
11 3 0 42
11 3 1 7
11 3 2 39
11 3 3 25
11 3 4 51
11 3 5 44
11 3 6 23
11 3 7 35
11 3 8 22
11 3 9 10
11 3 10 20
11 3 11 6
11 3 12 37
11 3 13 53
11 3 14 15
11 3 15 41
11 3 16 36
11 3 17 50
11 3 18 16
11 4 0 5
11 4 1 53
11 4 2 36
11 4 3 49
11 4 4 43
11 4 5 52
11 4 6 35
11 4 7 39
11 4 8 45
11 4 9 42
11 4 10 17
11 4 11 34
11 4 12 30
11 4 13 13
11 4 14 9
11 4 15 47
11 4 16 25
11 4 17 3
11 4 18 46
11 5 0 33
11 5 1 47
11 5 2 22
11 5 3 42
11 5 4 48
11 5 5 46
11 5 6 53
11 5 7 14
11 5 8 43
11 5 9 8
11 5 10 32
11 5 11 19
11 5 12 0
11 5 13 7
11 5 14 21
11 5 15 34
11 5 16 10
11 5 17 13
11 5 18 17
11 6 0 38
11 6 1 30
11 6 2 41
11 6 3 45
11 6 4 44
11 6 5 18
11 6 6 3
11 6 7 34
11 6 8 11
11 6 9 47
11 6 10 33
11 6 11 13
11 6 12 10
11 6 13 20
11 6 14 52
11 6 15 6
11 6 16 27
11 6 17 15
11 6 18 40
11 7 0 36
11 7 1 40
11 7 2 31
11 7 3 28
11 7 4 6
11 7 5 9
11 7 6 50
11 7 7 10
11 7 8 29
11 7 9 35
11 7 10 13
11 7 11 15
11 7 12 21
11 7 13 41
11 7 14 2
11 7 15 38
11 7 16 4
11 7 17 54
11 7 18 51
11 8 0 39
11 8 1 24
11 8 2 46
11 8 3 41
11 8 4 8
11 8 5 43
11 8 6 18
11 8 7 37
11 8 8 48
11 8 9 2
11 8 10 10
11 8 11 23
11 8 12 34
11 8 13 16
11 8 14 35
11 8 15 11
11 8 16 40
11 8 17 0
11 8 18 27
11 9 0 31
11 9 1 48
11 9 2 28
11 9 3 3
11 9 4 10
11 9 5 5
11 9 6 20
11 9 7 41
11 9 8 9
11 9 9 11
11 9 10 29
11 9 11 52
11 9 12 4
11 9 13 37
11 9 14 8
11 9 15 32
11 9 16 34
11 9 17 47
11 9 18 38
11 10 0 20
11 10 1 34
11 10 2 14
11 10 3 24
11 10 4 41
11 10 5 19
11 10 6 31
11 10 7 1
11 10 8 18
11 10 9 29
11 10 10 22
11 10 11 2
11 10 12 36
11 10 13 8
11 10 14 26
11 10 15 21
11 10 16 37
11 10 17 30
11 10 18 23
11 11 0 28
11 11 1 17
11 11 2 23
11 11 3 1
11 11 4 50
11 11 5 31
11 11 6 15
11 11 7 7
11 11 8 38
11 11 9 21
11 11 10 2
11 11 11 49
11 11 12 5
11 11 13 32
11 11 14 54
11 11 15 29
11 11 16 11
11 11 17 42
11 11 18 26
11 12 0 14
11 12 1 25
11 12 2 1
11 12 3 26
11 12 4 37
11 12 5 4
11 12 6 2
11 12 7 40
11 12 8 23
11 12 9 53
11 12 10 52
11 12 11 8
11 12 12 39
11 12 13 51
11 12 14 36
11 12 15 54
11 12 16 33
11 12 17 48
11 12 18 45
11 13 0 49
11 13 1 18
11 13 2 51
11 13 3 20
11 13 4 11
11 13 5 13
11 13 6 25
11 13 7 31
11 13 8 17
11 13 9 12
11 13 10 0
11 13 11 39
11 13 12 32
11 13 13 29
11 13 14 53
11 13 15 24
11 13 16 46
11 13 17 45
11 13 18 14
11 14 0 6
11 14 1 43
11 14 2 21
11 14 3 12
11 14 4 1
11 14 5 27
11 14 6 42
11 14 7 4
11 14 8 26
11 14 9 14
11 14 10 39
11 14 11 46
11 14 12 38
11 14 13 52
11 14 14 30
11 14 15 3
11 14 16 45
11 14 17 11
11 14 18 33
11 15 0 26
11 15 1 20
11 15 2 7
11 15 3 9
11 15 4 22
11 15 5 28
11 15 6 12
11 15 7 52
11 15 8 13
11 15 9 16
11 15 10 44
11 15 11 40
11 15 12 51
11 15 13 19
11 15 14 48
11 15 15 27
11 15 16 18
11 15 17 49
11 15 18 1
11 16 0 54
11 16 1 12
11 16 2 9
11 16 3 30
11 16 4 26
11 16 5 11
11 16 6 47
11 16 7 0
11 16 8 4
11 16 9 25
11 16 10 43
11 16 11 50
11 16 12 53
11 16 13 24
11 16 14 42
11 16 15 7
11 16 16 44
11 16 17 16
11 16 18 35
11 17 0 15
11 17 1 3
11 17 2 50
11 17 3 23
11 17 4 14
11 17 5 21
11 17 6 8
11 17 7 19
11 17 8 25
11 17 9 37
11 17 10 49
11 17 11 51
11 17 12 35
11 17 13 47
11 17 14 5
11 17 15 9
11 17 16 12
11 17 17 38
11 17 18 24
11 18 0 9
11 18 1 22
11 18 2 43
11 18 3 5
11 18 4 27
11 18 5 54
11 18 6 36
11 18 7 38
11 18 8 40
11 18 9 48
11 18 10 34
11 18 11 31
11 18 12 41
11 18 13 17
11 18 14 33
11 18 15 0
11 18 16 19
11 18 17 44
11 18 18 13
12 0 0 43
12 0 1 6
12 0 2 28
12 0 3 54
12 0 4 37
12 0 5 38
12 0 6 40
12 0 7 48
12 0 8 35
12 0 9 32
12 0 10 41
12 0 11 18
12 0 12 34
12 0 13 1
12 0 14 20
12 0 15 44
12 0 16 14
12 0 17 10
12 0 18 23
12 1 0 17
12 1 1 50
12 1 2 13
12 1 3 33
12 1 4 46
12 1 5 25
12 1 6 47
12 1 7 29
12 1 8 54
12 1 9 22
12 1 10 16
12 1 11 44
12 1 12 7
12 1 13 31
12 1 14 52
12 1 15 53
12 1 16 8
12 1 17 51
12 1 18 49
12 2 0 42
12 2 1 0
12 2 2 21
12 2 3 9
12 2 4 33
12 2 5 46
12 2 6 37
12 2 7 45
12 2 8 29
12 2 9 18
12 2 10 54
12 2 11 3
12 2 12 50
12 2 13 44
12 2 14 4
12 2 15 7
12 2 16 43
12 2 17 31
12 2 18 17
12 3 0 6
12 3 1 39
12 3 2 30
12 3 3 27
12 3 4 45
12 3 5 48
12 3 6 15
12 3 7 25
12 3 8 5
12 3 9 34
12 3 10 7
12 3 11 49
12 3 12 20
12 3 13 17
12 3 14 1
12 3 15 40
12 3 16 23
12 3 17 2
12 3 18 28
12 4 0 39
12 4 1 26
12 4 2 51
12 4 3 44
12 4 4 24
12 4 5 36
12 4 6 23
12 4 7 11
12 4 8 21
12 4 9 7
12 4 10 19
12 4 11 53
12 4 12 16
12 4 13 41
12 4 14 37
12 4 15 50
12 4 16 17
12 4 17 42
12 4 18 8
12 5 0 37
12 5 1 49
12 5 2 43
12 5 3 52
12 5 4 36
12 5 5 39
12 5 6 45
12 5 7 42
12 5 8 18
12 5 9 35
12 5 10 31
12 5 11 14
12 5 12 10
12 5 13 47
12 5 14 26
12 5 15 4
12 5 16 46
12 5 17 6
12 5 18 53
12 6 0 23
12 6 1 42
12 6 2 48
12 6 3 46
12 6 4 53
12 6 5 15
12 6 6 43
12 6 7 9
12 6 8 33
12 6 9 20
12 6 10 1
12 6 11 8
12 6 12 22
12 6 13 35
12 6 14 11
12 6 15 14
12 6 16 18
12 6 17 34
12 6 18 47
12 7 0 41
12 7 1 45
12 7 2 44
12 7 3 0
12 7 4 4
12 7 5 35
12 7 6 12
12 7 7 47
12 7 8 34
12 7 9 14
12 7 10 11
12 7 11 21
12 7 12 52
12 7 13 7
12 7 14 28
12 7 15 16
12 7 16 40
12 7 17 38
12 7 18 31
12 8 0 32
12 8 1 29
12 8 2 7
12 8 3 10
12 8 4 50
12 8 5 11
12 8 6 30
12 8 7 36
12 8 8 14
12 8 9 16
12 8 10 22
12 8 11 41
12 8 12 3
12 8 13 38
12 8 14 5
12 8 15 54
12 8 16 51
12 8 17 37
12 8 18 40
12 9 0 46
12 9 1 41
12 9 2 9
12 9 3 43
12 9 4 0
12 9 5 19
12 9 6 48
12 9 7 3
12 9 8 11
12 9 9 24
12 9 10 35
12 9 11 17
12 9 12 36
12 9 13 12
12 9 14 40
12 9 15 1
12 9 16 28
12 9 17 39
12 9 18 25
12 10 0 29
12 10 1 4
12 10 2 11
12 10 3 6
12 10 4 21
12 10 5 41
12 10 6 10
12 10 7 12
12 10 8 30
12 10 9 52
12 10 10 5
12 10 11 19
12 10 12 9
12 10 13 33
12 10 14 35
12 10 15 47
12 10 16 38
12 10 17 32
12 10 18 48
12 11 0 15
12 11 1 25
12 11 2 41
12 11 3 20
12 11 4 32
12 11 5 2
12 11 6 0
12 11 7 30
12 11 8 23
12 11 9 3
12 11 10 37
12 11 11 9
12 11 12 27
12 11 13 22
12 11 14 19
12 11 15 31
12 11 16 24
12 11 17 21
12 11 18 35
12 12 0 24
12 12 1 2
12 12 2 50
12 12 3 32
12 12 4 16
12 12 5 8
12 12 6 38
12 12 7 22
12 12 8 3
12 12 9 49
12 12 10 6
12 12 11 33
12 12 12 54
12 12 13 30
12 12 14 12
12 12 15 42
12 12 16 27
12 12 17 29
12 12 18 18
12 13 0 2
12 13 1 27
12 13 2 19
12 13 3 5
12 13 4 3
12 13 5 40
12 13 6 24
12 13 7 53
12 13 8 52
12 13 9 9
12 13 10 39
12 13 11 51
12 13 12 37
12 13 13 54
12 13 14 34
12 13 15 48
12 13 16 45
12 13 17 15
12 13 18 26
12 14 0 51
12 14 1 21
12 14 2 12
12 14 3 14
12 14 4 26
12 14 5 32
12 14 6 18
12 14 7 13
12 14 8 1
12 14 9 39
12 14 10 33
12 14 11 30
12 14 12 53
12 14 13 25
12 14 14 46
12 14 15 45
12 14 16 15
12 14 17 49
12 14 18 0
12 15 0 22
12 15 1 13
12 15 2 2
12 15 3 28
12 15 4 42
12 15 5 5
12 15 6 27
12 15 7 15
12 15 8 39
12 15 9 46
12 15 10 38
12 15 11 52
12 15 12 31
12 15 13 4
12 15 14 45
12 15 15 12
12 15 16 34
12 15 17 7
12 15 18 43
12 16 0 8
12 16 1 10
12 16 2 23
12 16 3 29
12 16 4 13
12 16 5 52
12 16 6 14
12 16 7 17
12 16 8 44
12 16 9 40
12 16 10 51
12 16 11 20
12 16 12 48
12 16 13 28
12 16 14 0
12 16 15 49
12 16 16 2
12 16 17 27
12 16 18 21
12 17 0 10
12 17 1 31
12 17 2 27
12 17 3 12
12 17 4 47
12 17 5 1
12 17 6 5
12 17 7 26
12 17 8 43
12 17 9 50
12 17 10 53
12 17 11 25
12 17 12 42
12 17 13 8
12 17 14 44
12 17 15 17
12 17 16 36
12 17 17 54
12 17 18 13
12 18 0 50
12 18 1 24
12 18 2 15
12 18 3 22
12 18 4 9
12 18 5 20
12 18 6 26
12 18 7 19
12 18 8 49
12 18 9 51
12 18 10 36
12 18 11 47
12 18 12 6
12 18 13 10
12 18 14 13
12 18 15 38
12 18 16 25
12 18 17 16
12 18 18 4
13 0 0 16
13 0 1 23
13 0 2 10
13 0 3 21
13 0 4 27
13 0 5 20
13 0 6 49
13 0 7 51
13 0 8 37
13 0 9 47
13 0 10 7
13 0 11 11
13 0 12 14
13 0 13 38
13 0 14 26
13 0 15 17
13 0 16 5
13 0 17 50
13 0 18 25
13 1 0 29
13 1 1 54
13 1 2 19
13 1 3 38
13 1 4 40
13 1 5 48
13 1 6 36
13 1 7 33
13 1 8 41
13 1 9 0
13 1 10 35
13 1 11 2
13 1 12 21
13 1 13 44
13 1 14 15
13 1 15 11
13 1 16 24
13 1 17 43
13 1 18 7
13 2 0 14
13 2 1 34
13 2 2 46
13 2 3 26
13 2 4 47
13 2 5 30
13 2 6 54
13 2 7 23
13 2 8 17
13 2 9 44
13 2 10 8
13 2 11 32
13 2 12 52
13 2 13 53
13 2 14 9
13 2 15 51
13 2 16 49
13 2 17 18
13 2 18 50
13 3 0 22
13 3 1 10
13 3 2 34
13 3 3 46
13 3 4 19
13 3 5 45
13 3 6 30
13 3 7 0
13 3 8 54
13 3 9 4
13 3 10 50
13 3 11 44
13 3 12 5
13 3 13 8
13 3 14 43
13 3 15 32
13 3 16 18
13 3 17 42
13 3 18 1
13 4 0 31
13 4 1 28
13 4 2 45
13 4 3 48
13 4 4 16
13 4 5 26
13 4 6 6
13 4 7 35
13 4 8 8
13 4 9 49
13 4 10 21
13 4 11 18
13 4 12 2
13 4 13 40
13 4 14 24
13 4 15 3
13 4 16 29
13 4 17 7
13 4 18 39
13 5 0 51
13 5 1 44
13 5 2 25
13 5 3 37
13 5 4 24
13 5 5 12
13 5 6 22
13 5 7 8
13 5 8 20
13 5 9 53
13 5 10 17
13 5 11 41
13 5 12 19
13 5 13 50
13 5 14 18
13 5 15 42
13 5 16 9
13 5 17 39
13 5 18 27
13 6 0 43
13 6 1 52
13 6 2 37
13 6 3 39
13 6 4 45
13 6 5 42
13 6 6 0
13 6 7 36
13 6 8 32
13 6 9 15
13 6 10 11
13 6 11 47
13 6 12 27
13 6 13 5
13 6 14 46
13 6 15 7
13 6 16 53
13 6 17 19
13 6 18 49
13 7 0 48
13 7 1 46
13 7 2 53
13 7 3 16
13 7 4 43
13 7 5 10
13 7 6 34
13 7 7 21
13 7 8 2
13 7 9 9
13 7 10 23
13 7 11 36
13 7 12 12
13 7 13 15
13 7 14 0
13 7 15 35
13 7 16 47
13 7 17 24
13 7 18 42
13 8 0 44
13 8 1 1
13 8 2 5
13 8 3 36
13 8 4 13
13 8 5 47
13 8 6 35
13 8 7 15
13 8 8 12
13 8 9 22
13 8 10 52
13 8 11 8
13 8 12 29
13 8 13 17
13 8 14 40
13 8 15 38
13 8 16 32
13 8 17 41
13 8 18 45
13 9 0 8
13 9 1 11
13 9 2 50
13 9 3 12
13 9 4 31
13 9 5 37
13 9 6 15
13 9 7 17
13 9 8 23
13 9 9 41
13 9 10 4
13 9 11 38
13 9 12 6
13 9 13 54
13 9 14 51
13 9 15 19
13 9 16 40
13 9 17 33
13 9 18 30
13 10 0 10
13 10 1 43
13 10 2 1
13 10 3 20
13 10 4 48
13 10 5 4
13 10 6 12
13 10 7 25
13 10 8 36
13 10 9 18
13 10 10 37
13 10 11 13
13 10 12 40
13 10 13 2
13 10 14 29
13 10 15 39
13 10 16 26
13 10 17 46
13 10 18 41
13 11 0 12
13 11 1 7
13 11 2 22
13 11 3 41
13 11 4 11
13 11 5 13
13 11 6 31
13 11 7 52
13 11 8 6
13 11 9 20
13 11 10 10
13 11 11 34
13 11 12 36
13 11 13 47
13 11 14 38
13 11 15 33
13 11 16 48
13 11 17 30
13 11 18 5
13 12 0 41
13 12 1 21
13 12 2 33
13 12 3 3
13 12 4 1
13 12 5 31
13 12 6 24
13 12 7 4
13 12 8 19
13 12 9 10
13 12 10 28
13 12 11 23
13 12 12 20
13 12 13 32
13 12 14 25
13 12 15 22
13 12 16 36
13 12 17 16
13 12 18 26
13 13 0 50
13 13 1 33
13 13 2 17
13 13 3 9
13 13 4 38
13 13 5 23
13 13 6 4
13 13 7 49
13 13 8 7
13 13 9 34
13 13 10 54
13 13 11 31
13 13 12 13
13 13 13 42
13 13 14 28
13 13 15 30
13 13 16 0
13 13 17 25
13 13 18 3
13 14 0 20
13 14 1 6
13 14 2 4
13 14 3 40
13 14 4 25
13 14 5 53
13 14 6 52
13 14 7 10
13 14 8 39
13 14 9 51
13 14 10 19
13 14 11 54
13 14 12 35
13 14 13 48
13 14 14 45
13 14 15 16
13 14 16 27
13 14 17 3
13 14 18 28
13 15 0 13
13 15 1 15
13 15 2 27
13 15 3 33
13 15 4 0
13 15 5 14
13 15 6 2
13 15 7 39
13 15 8 34
13 15 9 31
13 15 10 53
13 15 11 26
13 15 12 46
13 15 13 45
13 15 14 16
13 15 15 49
13 15 16 1
13 15 17 51
13 15 18 22
13 16 0 3
13 16 1 29
13 16 2 42
13 16 3 6
13 16 4 28
13 16 5 16
13 16 6 39
13 16 7 46
13 16 8 38
13 16 9 52
13 16 10 32
13 16 11 5
13 16 12 45
13 16 13 13
13 16 14 35
13 16 15 8
13 16 16 43
13 16 17 23
13 16 18 14
13 17 0 24
13 17 1 30
13 17 2 14
13 17 3 52
13 17 4 15
13 17 5 18
13 17 6 44
13 17 7 40
13 17 8 51
13 17 9 21
13 17 10 48
13 17 11 29
13 17 12 1
13 17 13 49
13 17 14 3
13 17 15 28
13 17 16 22
13 17 17 9
13 17 18 11
13 18 0 28
13 18 1 13
13 18 2 47
13 18 3 2
13 18 4 6
13 18 5 27
13 18 6 43
13 18 7 50
13 18 8 53
13 18 9 26
13 18 10 42
13 18 11 9
13 18 12 44
13 18 13 18
13 18 14 37
13 18 15 54
13 18 16 14
13 18 17 11
13 18 18 32
14 0 0 47
14 0 1 3
14 0 2 7
14 0 3 28
14 0 4 43
14 0 5 50
14 0 6 53
14 0 7 27
14 0 8 42
14 0 9 10
14 0 10 44
14 0 11 0
14 0 12 19
14 0 13 54
14 0 14 15
14 0 15 12
14 0 16 33
14 0 17 29
14 0 18 14
14 1 0 11
14 1 1 22
14 1 2 28
14 1 3 21
14 1 4 49
14 1 5 51
14 1 6 19
14 1 7 47
14 1 8 8
14 1 9 12
14 1 10 15
14 1 11 38
14 1 12 27
14 1 13 18
14 1 14 6
14 1 15 50
14 1 16 26
14 1 17 17
14 1 18 24
14 2 0 20
14 2 1 38
14 2 2 40
14 2 3 48
14 2 4 37
14 2 5 34
14 2 6 41
14 2 7 1
14 2 8 36
14 2 9 3
14 2 10 22
14 2 11 44
14 2 12 16
14 2 13 12
14 2 14 25
14 2 15 43
14 2 16 8
14 2 17 30
14 2 18 54
14 3 0 46
14 3 1 27
14 3 2 47
14 3 3 31
14 3 4 54
14 3 5 24
14 3 6 18
14 3 7 44
14 3 8 9
14 3 9 33
14 3 10 52
14 3 11 53
14 3 12 10
14 3 13 51
14 3 14 49
14 3 15 0
14 3 16 50
14 3 17 15
14 3 18 35
14 4 0 35
14 4 1 46
14 4 2 20
14 4 3 45
14 4 4 31
14 4 5 1
14 4 6 54
14 4 7 5
14 4 8 50
14 4 9 44
14 4 10 6
14 4 11 9
14 4 12 43
14 4 13 33
14 4 14 0
14 4 15 42
14 4 16 2
14 4 17 23
14 4 18 11
14 5 0 45
14 5 1 48
14 5 2 17
14 5 3 27
14 5 4 7
14 5 5 36
14 5 6 9
14 5 7 49
14 5 8 22
14 5 9 0
14 5 10 3
14 5 11 40
14 5 12 25
14 5 13 4
14 5 14 30
14 5 15 8
14 5 16 39
14 5 17 32
14 5 18 29
14 6 0 26
14 6 1 19
14 6 2 25
14 6 3 13
14 6 4 23
14 6 5 9
14 6 6 21
14 6 7 53
14 6 8 18
14 6 9 41
14 6 10 20
14 6 11 50
14 6 12 0
14 6 13 42
14 6 14 10
14 6 15 39
14 6 16 28
14 6 17 51
14 6 18 44
14 7 0 19
14 7 1 39
14 7 2 45
14 7 3 42
14 7 4 1
14 7 5 37
14 7 6 33
14 7 7 16
14 7 8 12
14 7 9 47
14 7 10 28
14 7 11 6
14 7 12 46
14 7 13 8
14 7 14 53
14 7 15 20
14 7 16 49
14 7 17 43
14 7 18 52
14 8 0 53
14 8 1 17
14 8 2 43
14 8 3 11
14 8 4 35
14 8 5 22
14 8 6 3
14 8 7 10
14 8 8 24
14 8 9 37
14 8 10 13
14 8 11 16
14 8 12 1
14 8 13 36
14 8 14 47
14 8 15 25
14 8 16 42
14 8 17 48
14 8 18 46
14 9 0 6
14 9 1 37
14 9 2 14
14 9 3 47
14 9 4 36
14 9 5 16
14 9 6 13
14 9 7 23
14 9 8 52
14 9 9 9
14 9 10 30
14 9 11 18
14 9 12 40
14 9 13 38
14 9 14 33
14 9 15 41
14 9 16 45
14 9 17 44
14 9 18 2
14 10 0 50
14 10 1 13
14 10 2 32
14 10 3 19
14 10 4 16
14 10 5 18
14 10 6 24
14 10 7 41
14 10 8 5
14 10 9 38
14 10 10 7
14 10 11 54
14 10 12 51
14 10 13 20
14 10 14 40
14 10 15 34
14 10 16 31
14 10 17 9
14 10 18 12
14 11 0 2
14 11 1 21
14 11 2 48
14 11 3 5
14 11 4 13
14 11 5 26
14 11 6 37
14 11 7 0
14 11 8 19
14 11 9 14
14 11 10 40
14 11 11 3
14 11 12 30
14 11 13 39
14 11 14 27
14 11 15 46
14 11 16 41
14 11 17 11
14 11 18 43
14 12 0 23
14 12 1 41
14 12 2 12
14 12 3 14
14 12 4 32
14 12 5 52
14 12 6 7
14 12 7 21
14 12 8 11
14 12 9 35
14 12 10 37
14 12 11 47
14 12 12 38
14 12 13 34
14 12 14 48
14 12 15 31
14 12 16 6
14 12 17 13
14 12 18 8
14 13 0 34
14 13 1 4
14 13 2 2
14 13 3 32
14 13 4 25
14 13 5 5
14 13 6 20
14 13 7 11
14 13 8 29
14 13 9 24
14 13 10 21
14 13 11 33
14 13 12 26
14 13 13 23
14 13 14 37
14 13 15 17
14 13 16 27
14 13 17 41
14 13 18 22
14 14 0 18
14 14 1 10
14 14 2 38
14 14 3 24
14 14 4 5
14 14 5 49
14 14 6 8
14 14 7 35
14 14 8 54
14 14 9 32
14 14 10 14
14 14 11 42
14 14 12 29
14 14 13 31
14 14 14 1
14 14 15 26
14 14 16 4
14 14 17 50
14 14 18 34
14 15 0 5
14 15 1 40
14 15 2 26
14 15 3 53
14 15 4 52
14 15 5 11
14 15 6 39
14 15 7 51
14 15 8 20
14 15 9 54
14 15 10 36
14 15 11 48
14 15 12 45
14 15 13 17
14 15 14 28
14 15 15 4
14 15 16 29
14 15 17 21
14 15 18 7
14 16 0 28
14 16 1 34
14 16 2 1
14 16 3 15
14 16 4 3
14 16 5 39
14 16 6 35
14 16 7 32
14 16 8 53
14 16 9 27
14 16 10 46
14 16 11 45
14 16 12 17
14 16 13 49
14 16 14 2
14 16 15 51
14 16 16 23
14 16 17 14
14 16 18 16
14 17 0 42
14 17 1 7
14 17 2 29
14 17 3 17
14 17 4 39
14 17 5 46
14 17 6 38
14 17 7 52
14 17 8 33
14 17 9 6
14 17 10 45
14 17 11 14
14 17 12 36
14 17 13 9
14 17 14 43
14 17 15 24
14 17 16 15
14 17 17 4
14 17 18 30
14 18 0 15
14 18 1 52
14 18 2 16
14 18 3 0
14 18 4 44
14 18 5 40
14 18 6 51
14 18 7 22
14 18 8 48
14 18 9 30
14 18 10 2
14 18 11 49
14 18 12 4
14 18 13 29
14 18 14 23
14 18 15 10
14 18 16 12
14 18 17 25
14 18 18 31
15 0 0 17
15 0 1 1
15 0 2 44
15 0 3 40
15 0 4 51
15 0 5 23
15 0 6 48
15 0 7 31
15 0 8 3
15 0 9 49
15 0 10 5
15 0 11 30
15 0 12 24
15 0 13 11
15 0 14 13
15 0 15 26
15 0 16 32
15 0 17 16
15 0 18 52
15 1 0 8
15 1 1 29
15 1 2 43
15 1 3 50
15 1 4 53
15 1 5 28
15 1 6 42
15 1 7 11
15 1 8 44
15 1 9 1
15 1 10 20
15 1 11 54
15 1 12 16
15 1 13 13
15 1 14 34
15 1 15 30
15 1 16 15
15 1 17 47
15 1 18 4
15 2 0 29
15 2 1 22
15 2 2 49
15 2 3 51
15 2 4 20
15 2 5 47
15 2 6 9
15 2 7 13
15 2 8 16
15 2 9 38
15 2 10 28
15 2 11 0
15 2 12 7
15 2 13 50
15 2 14 27
15 2 15 18
15 2 16 25
15 2 17 12
15 2 18 23
15 3 0 40
15 3 1 48
15 3 2 19
15 3 3 35
15 3 4 41
15 3 5 2
15 3 6 37
15 3 7 4
15 3 8 23
15 3 9 44
15 3 10 17
15 3 11 13
15 3 12 26
15 3 13 43
15 3 14 9
15 3 15 31
15 3 16 54
15 3 17 21
15 3 18 38
15 4 0 47
15 4 1 32
15 4 2 54
15 4 3 25
15 4 4 0
15 4 5 44
15 4 6 10
15 4 7 34
15 4 8 52
15 4 9 53
15 4 10 11
15 4 11 51
15 4 12 49
15 4 13 1
15 4 14 50
15 4 15 16
15 4 16 36
15 4 17 46
15 4 18 28
15 5 0 21
15 5 1 45
15 5 2 32
15 5 3 2
15 5 4 54
15 5 5 6
15 5 6 50
15 5 7 44
15 5 8 7
15 5 9 10
15 5 10 43
15 5 11 34
15 5 12 1
15 5 13 42
15 5 14 3
15 5 15 24
15 5 16 12
15 5 17 36
15 5 18 46
15 6 0 18
15 6 1 28
15 6 2 8
15 6 3 37
15 6 4 10
15 6 5 49
15 6 6 23
15 6 7 1
15 6 8 4
15 6 9 40
15 6 10 26
15 6 11 5
15 6 12 31
15 6 13 9
15 6 14 39
15 6 15 33
15 6 16 30
15 6 17 45
15 6 18 48
15 7 0 26
15 7 1 14
15 7 2 24
15 7 3 10
15 7 4 22
15 7 5 53
15 7 6 0
15 7 7 41
15 7 8 21
15 7 9 50
15 7 10 1
15 7 11 42
15 7 12 11
15 7 13 39
15 7 14 29
15 7 15 51
15 7 16 44
15 7 17 27
15 7 18 20
15 8 0 45
15 8 1 42
15 8 2 2
15 8 3 19
15 8 4 34
15 8 5 17
15 8 6 13
15 8 7 47
15 8 8 29
15 8 9 7
15 8 10 46
15 8 11 9
15 8 12 53
15 8 13 21
15 8 14 49
15 8 15 43
15 8 16 52
15 8 17 20
15 8 18 39
15 9 0 43
15 9 1 12
15 9 2 36
15 9 3 23
15 9 4 4
15 9 5 11
15 9 6 25
15 9 7 19
15 9 8 14
15 9 9 17
15 9 10 2
15 9 11 37
15 9 12 47
15 9 13 26
15 9 14 42
15 9 15 48
15 9 16 46
15 9 17 53
15 9 18 18
15 10 0 15
15 10 1 47
15 10 2 37
15 10 3 17
15 10 4 14
15 10 5 24
15 10 6 52
15 10 7 10
15 10 8 31
15 10 9 0
15 10 10 40
15 10 11 38
15 10 12 34
15 10 13 41
15 10 14 45
15 10 15 44
15 10 16 3
15 10 17 7
15 10 18 19
15 11 0 33
15 11 1 20
15 11 2 17
15 11 3 0
15 11 4 25
15 11 5 41
15 11 6 6
15 11 7 38
15 11 8 8
15 11 9 54
15 11 10 51
15 11 11 21
15 11 12 40
15 11 13 35
15 11 14 32
15 11 15 10
15 11 16 13
15 11 17 50
15 11 18 14
15 12 0 48
15 12 1 6
15 12 2 14
15 12 3 27
15 12 4 19
15 12 5 1
15 12 6 20
15 12 7 15
15 12 8 40
15 12 9 4
15 12 10 31
15 12 11 39
15 12 12 28
15 12 13 46
15 12 14 41
15 12 15 12
15 12 16 43
15 12 17 3
15 12 18 22
15 13 0 13
15 13 1 15
15 13 2 33
15 13 3 52
15 13 4 8
15 13 5 22
15 13 6 12
15 13 7 36
15 13 8 19
15 13 9 47
15 13 10 38
15 13 11 35
15 13 12 48
15 13 13 32
15 13 14 7
15 13 15 14
15 13 16 9
15 13 17 24
15 13 18 41
15 14 0 3
15 14 1 33
15 14 2 26
15 14 3 6
15 14 4 21
15 14 5 12
15 14 6 30
15 14 7 25
15 14 8 22
15 14 9 34
15 14 10 27
15 14 11 24
15 14 12 19
15 14 13 18
15 14 14 28
15 14 15 41
15 14 16 23
15 14 17 35
15 14 18 5
15 15 0 38
15 15 1 25
15 15 2 6
15 15 3 49
15 15 4 9
15 15 5 36
15 15 6 54
15 15 7 33
15 15 8 15
15 15 9 42
15 15 10 30
15 15 11 32
15 15 12 2
15 15 13 27
15 15 14 5
15 15 15 50
15 15 16 35
15 15 17 0
15 15 18 11
15 16 0 27
15 16 1 53
15 16 2 52
15 16 3 12
15 16 4 39
15 16 5 51
15 16 6 21
15 16 7 54
15 16 8 37
15 16 9 48
15 16 10 45
15 16 11 18
15 16 12 29
15 16 13 5
15 16 14 30
15 16 15 22
15 16 16 8
15 16 17 6
15 16 18 40
15 17 0 2
15 17 1 16
15 17 2 4
15 17 3 39
15 17 4 36
15 17 5 33
15 17 6 53
15 17 7 28
15 17 8 46
15 17 9 45
15 17 10 18
15 17 11 49
15 17 12 3
15 17 13 51
15 17 14 24
15 17 15 15
15 17 16 17
15 17 17 29
15 17 18 35
15 18 0 30
15 18 1 18
15 18 2 39
15 18 3 46
15 18 4 38
15 18 5 52
15 18 6 34
15 18 7 7
15 18 8 45
15 18 9 15
15 18 10 37
15 18 11 10
15 18 12 43
15 18 13 25
15 18 14 16
15 18 15 5
15 18 16 31
15 18 17 42
15 18 18 8
16 0 0 39
16 0 1 46
16 0 2 38
16 0 3 52
16 0 4 35
16 0 5 8
16 0 6 45
16 0 7 16
16 0 8 19
16 0 9 11
16 0 10 43
16 0 11 26
16 0 12 17
16 0 13 6
16 0 14 32
16 0 15 42
16 0 16 9
16 0 17 31
16 0 18 0
16 1 0 44
16 1 1 40
16 1 2 51
16 1 3 24
16 1 4 48
16 1 5 32
16 1 6 4
16 1 7 49
16 1 8 6
16 1 9 31
16 1 10 25
16 1 11 12
16 1 12 14
16 1 13 27
16 1 14 33
16 1 15 17
16 1 16 52
16 1 17 18
16 1 18 2
16 2 0 43
16 2 1 50
16 2 2 53
16 2 3 29
16 2 4 42
16 2 5 12
16 2 6 44
16 2 7 2
16 2 8 21
16 2 9 54
16 2 10 17
16 2 11 14
16 2 12 35
16 2 13 31
16 2 14 16
16 2 15 47
16 2 16 5
16 2 17 9
16 2 18 30
16 3 0 49
16 3 1 51
16 3 2 21
16 3 3 47
16 3 4 10
16 3 5 14
16 3 6 17
16 3 7 38
16 3 8 29
16 3 9 1
16 3 10 8
16 3 11 50
16 3 12 28
16 3 13 0
16 3 14 26
16 3 15 13
16 3 16 24
16 3 17 30
16 3 18 23
16 4 0 20
16 4 1 36
16 4 2 41
16 4 3 3
16 4 4 19
16 4 5 5
16 4 6 24
16 4 7 44
16 4 8 18
16 4 9 14
16 4 10 27
16 4 11 43
16 4 12 10
16 4 13 32
16 4 14 54
16 4 15 22
16 4 16 38
16 4 17 40
16 4 18 48
16 5 0 54
16 5 1 26
16 5 2 1
16 5 3 44
16 5 4 11
16 5 5 35
16 5 6 52
16 5 7 53
16 5 8 12
16 5 9 51
16 5 10 49
16 5 11 2
16 5 12 50
16 5 13 17
16 5 14 37
16 5 15 46
16 5 16 29
16 5 17 47
16 5 18 33
16 6 0 33
16 6 1 3
16 6 2 54
16 6 3 7
16 6 4 50
16 6 5 44
16 6 6 8
16 6 7 11
16 6 8 43
16 6 9 35
16 6 10 2
16 6 11 42
16 6 12 4
16 6 13 25
16 6 14 13
16 6 15 37
16 6 16 46
16 6 17 22
16 6 18 45
16 7 0 9
16 7 1 19
16 7 2 11
16 7 3 49
16 7 4 24
16 7 5 2
16 7 6 5
16 7 7 40
16 7 8 27
16 7 9 6
16 7 10 32
16 7 11 10
16 7 12 39
16 7 13 34
16 7 14 31
16 7 15 45
16 7 16 48
16 7 17 0
16 7 18 29
16 8 0 25
16 8 1 11
16 8 2 23
16 8 3 53
16 8 4 1
16 8 5 41
16 8 6 22
16 8 7 50
16 8 8 2
16 8 9 42
16 8 10 12
16 8 11 39
16 8 12 30
16 8 13 51
16 8 14 44
16 8 15 28
16 8 16 21
16 8 17 27
16 8 18 15
16 9 0 3
16 9 1 20
16 9 2 35
16 9 3 18
16 9 4 14
16 9 5 47
16 9 6 30
16 9 7 8
16 9 8 46
16 9 9 10
16 9 10 53
16 9 11 22
16 9 12 49
16 9 13 43
16 9 14 52
16 9 15 21
16 9 16 39
16 9 17 45
16 9 18 42
16 10 0 37
16 10 1 24
16 10 2 5
16 10 3 12
16 10 4 26
16 10 5 20
16 10 6 15
16 10 7 18
16 10 8 3
16 10 9 19
16 10 10 47
16 10 11 27
16 10 12 42
16 10 13 48
16 10 14 46
16 10 15 53
16 10 16 0
16 10 17 43
16 10 18 13
16 11 0 19
16 11 1 18
16 11 2 15
16 11 3 25
16 11 4 52
16 11 5 11
16 11 6 32
16 11 7 1
16 11 8 40
16 11 9 38
16 11 10 35
16 11 11 41
16 11 12 45
16 11 13 44
16 11 14 4
16 11 15 8
16 11 16 20
16 11 17 16
16 11 18 47
16 12 0 18
16 12 1 1
16 12 2 26
16 12 3 41
16 12 4 7
16 12 5 38
16 12 6 9
16 12 7 54
16 12 8 51
16 12 9 22
16 12 10 40
16 12 11 36
16 12 12 33
16 12 13 11
16 12 14 14
16 12 15 50
16 12 16 15
16 12 17 34
16 12 18 21
16 13 0 15
16 13 1 28
16 13 2 20
16 13 3 2
16 13 4 21
16 13 5 16
16 13 6 40
16 13 7 5
16 13 8 32
16 13 9 39
16 13 10 29
16 13 11 46
16 13 12 41
16 13 13 13
16 13 14 43
16 13 15 4
16 13 16 23
16 13 17 48
16 13 18 7
16 14 0 34
16 14 1 52
16 14 2 9
16 14 3 23
16 14 4 13
16 14 5 37
16 14 6 20
16 14 7 47
16 14 8 38
16 14 9 36
16 14 10 48
16 14 11 33
16 14 12 8
16 14 13 15
16 14 14 10
16 14 15 25
16 14 16 41
16 14 17 14
16 14 18 16
16 15 0 27
16 15 1 7
16 15 2 22
16 15 3 13
16 15 4 31
16 15 5 26
16 15 6 23
16 15 7 35
16 15 8 28
16 15 9 25
16 15 10 20
16 15 11 0
16 15 12 29
16 15 13 41
16 15 14 24
16 15 15 36
16 15 16 6
16 15 17 4
16 15 18 34
16 16 0 7
16 16 1 49
16 16 2 10
16 16 3 37
16 16 4 54
16 16 5 34
16 16 6 16
16 16 7 42
16 16 8 31
16 16 9 33
16 16 10 3
16 16 11 28
16 16 12 6
16 16 13 50
16 16 14 36
16 16 15 1
16 16 16 12
16 16 17 38
16 16 18 26
16 17 0 52
16 17 1 13
16 17 2 39
16 17 3 51
16 17 4 22
16 17 5 54
16 17 6 19
16 17 7 48
16 17 8 45
16 17 9 0
16 17 10 30
16 17 11 6
16 17 12 31
16 17 13 23
16 17 14 9
16 17 15 7
16 17 16 40
16 17 17 28
16 17 18 53
16 18 0 5
16 18 1 39
16 18 2 37
16 18 3 34
16 18 4 53
16 18 5 29
16 18 6 46
16 18 7 45
16 18 8 0
16 18 9 49
16 18 10 4
16 18 11 51
16 18 12 25
16 18 13 16
16 18 14 18
16 18 15 30
16 18 16 36
16 18 17 3
16 18 18 17
17 0 0 19
17 0 1 35
17 0 2 53
17 0 3 30
17 0 4 46
17 0 5 45
17 0 6 1
17 0 7 49
17 0 8 5
17 0 9 51
17 0 10 26
17 0 11 17
17 0 12 0
17 0 13 31
17 0 14 37
17 0 15 4
17 0 16 18
17 0 17 6
17 0 18 39
17 1 0 38
17 1 1 52
17 1 2 36
17 1 3 9
17 1 4 45
17 1 5 17
17 1 6 20
17 1 7 12
17 1 8 43
17 1 9 27
17 1 10 18
17 1 11 7
17 1 12 33
17 1 13 42
17 1 14 10
17 1 15 32
17 1 16 1
17 1 17 39
17 1 18 46
17 2 0 51
17 2 1 25
17 2 2 48
17 2 3 33
17 2 4 5
17 2 5 49
17 2 6 7
17 2 7 32
17 2 8 26
17 2 9 13
17 2 10 15
17 2 11 28
17 2 12 34
17 2 13 18
17 2 14 52
17 2 15 0
17 2 16 3
17 2 17 44
17 2 18 40
17 3 0 53
17 3 1 30
17 3 2 42
17 3 3 13
17 3 4 44
17 3 5 3
17 3 6 22
17 3 7 54
17 3 8 18
17 3 9 15
17 3 10 36
17 3 11 32
17 3 12 17
17 3 13 47
17 3 14 6
17 3 15 10
17 3 16 31
17 3 17 43
17 3 18 50
17 4 0 22
17 4 1 47
17 4 2 11
17 4 3 15
17 4 4 18
17 4 5 38
17 4 6 30
17 4 7 2
17 4 8 9
17 4 9 50
17 4 10 29
17 4 11 1
17 4 12 27
17 4 13 14
17 4 14 25
17 4 15 31
17 4 16 24
17 4 17 49
17 4 18 51
17 5 0 41
17 5 1 4
17 5 2 20
17 5 3 6
17 5 4 25
17 5 5 44
17 5 6 0
17 5 7 15
17 5 8 28
17 5 9 43
17 5 10 11
17 5 11 33
17 5 12 54
17 5 13 23
17 5 14 38
17 5 15 40
17 5 16 48
17 5 17 21
17 5 18 37
17 6 0 2
17 6 1 44
17 6 2 12
17 6 3 36
17 6 4 52
17 6 5 53
17 6 6 13
17 6 7 51
17 6 8 49
17 6 9 3
17 6 10 50
17 6 11 18
17 6 12 19
17 6 13 46
17 6 14 30
17 6 15 47
17 6 16 34
17 6 17 54
17 6 18 27
17 7 0 54
17 7 1 8
17 7 2 50
17 7 3 44
17 7 4 9
17 7 5 12
17 7 6 43
17 7 7 36
17 7 8 3
17 7 9 42
17 7 10 5
17 7 11 26
17 7 12 14
17 7 13 19
17 7 14 46
17 7 15 23
17 7 16 45
17 7 17 34
17 7 18 4
17 8 0 12
17 8 1 49
17 8 2 25
17 8 3 3
17 8 4 6
17 8 5 40
17 8 6 28
17 8 7 7
17 8 8 33
17 8 9 11
17 8 10 39
17 8 11 35
17 8 12 32
17 8 13 45
17 8 14 48
17 8 15 1
17 8 16 30
17 8 17 10
17 8 18 20
17 9 0 24
17 9 1 53
17 9 2 2
17 9 3 41
17 9 4 23
17 9 5 50
17 9 6 3
17 9 7 42
17 9 8 13
17 9 9 39
17 9 10 31
17 9 11 51
17 9 12 44
17 9 13 29
17 9 14 22
17 9 15 28
17 9 16 16
17 9 17 26
17 9 18 12
17 10 0 36
17 10 1 0
17 10 2 15
17 10 3 47
17 10 4 31
17 10 5 9
17 10 6 46
17 10 7 11
17 10 8 53
17 10 9 23
17 10 10 49
17 10 11 43
17 10 12 52
17 10 13 22
17 10 14 39
17 10 15 45
17 10 16 42
17 10 17 4
17 10 18 21
17 11 0 6
17 11 1 13
17 11 2 27
17 11 3 21
17 11 4 16
17 11 5 0
17 11 6 4
17 11 7 20
17 11 8 47
17 11 9 28
17 11 10 42
17 11 11 48
17 11 12 46
17 11 13 53
17 11 14 1
17 11 15 43
17 11 16 14
17 11 17 19
17 11 18 25
17 12 0 16
17 12 1 26
17 12 2 52
17 12 3 12
17 12 4 33
17 12 5 2
17 12 6 40
17 12 7 38
17 12 8 36
17 12 9 41
17 12 10 45
17 12 11 44
17 12 12 5
17 12 13 9
17 12 14 21
17 12 15 17
17 12 16 47
17 12 17 20
17 12 18 0
17 13 0 27
17 13 1 41
17 13 2 8
17 13 3 38
17 13 4 10
17 13 5 54
17 13 6 51
17 13 7 23
17 13 8 40
17 13 9 37
17 13 10 34
17 13 11 12
17 13 12 15
17 13 13 50
17 13 14 16
17 13 15 35
17 13 16 22
17 13 17 0
17 13 18 2
17 14 0 21
17 14 1 3
17 14 2 22
17 14 3 17
17 14 4 40
17 14 5 6
17 14 6 33
17 14 7 39
17 14 8 30
17 14 9 46
17 14 10 41
17 14 11 14
17 14 12 43
17 14 13 5
17 14 14 24
17 14 15 48
17 14 16 8
17 14 17 16
17 14 18 29
17 15 0 10
17 15 1 24
17 15 2 14
17 15 3 19
17 15 4 21
17 15 5 47
17 15 6 38
17 15 7 37
17 15 8 48
17 15 9 34
17 15 10 9
17 15 11 16
17 15 12 11
17 15 13 26
17 15 14 41
17 15 15 15
17 15 16 17
17 15 17 35
17 15 18 52
17 16 0 23
17 16 1 14
17 16 2 32
17 16 3 27
17 16 4 24
17 16 5 36
17 16 6 29
17 16 7 26
17 16 8 21
17 16 9 1
17 16 10 30
17 16 11 41
17 16 12 25
17 16 13 37
17 16 14 7
17 16 15 5
17 16 16 35
17 16 17 28
17 16 18 8
17 17 0 11
17 17 1 19
17 17 2 54
17 17 3 35
17 17 4 17
17 17 5 42
17 17 6 32
17 17 7 34
17 17 8 4
17 17 9 29
17 17 10 7
17 17 11 50
17 17 12 37
17 17 13 2
17 17 14 13
17 17 15 38
17 17 16 27
17 17 17 8
17 17 18 49
17 18 0 39
17 18 1 51
17 18 2 23
17 18 3 54
17 18 4 20
17 18 5 48
17 18 6 45
17 18 7 1
17 18 8 31
17 18 9 7
17 18 10 32
17 18 11 24
17 18 12 10
17 18 13 8
17 18 14 40
17 18 15 29
17 18 16 53
17 18 17 52
17 18 18 14
18 0 0 24
18 0 1 54
18 0 2 21
18 0 3 48
18 0 4 45
18 0 5 2
18 0 6 32
18 0 7 8
18 0 8 33
18 0 9 25
18 0 10 11
18 0 11 9
18 0 12 40
18 0 13 30
18 0 14 53
18 0 15 52
18 0 16 15
18 0 17 39
18 0 18 51
18 1 0 53
18 1 1 31
18 1 2 46
18 1 3 45
18 1 4 2
18 1 5 49
18 1 6 6
18 1 7 51
18 1 8 27
18 1 9 18
18 1 10 1
18 1 11 32
18 1 12 19
18 1 13 5
18 1 14 0
18 1 15 7
18 1 16 39
18 1 17 20
18 1 18 36
18 2 0 37
18 2 1 10
18 2 2 45
18 2 3 18
18 2 4 21
18 2 5 13
18 2 6 43
18 2 7 28
18 2 8 0
18 2 9 8
18 2 10 34
18 2 11 42
18 2 12 11
18 2 13 33
18 2 14 2
18 2 15 39
18 2 16 46
18 2 17 38
18 2 18 52
18 3 0 48
18 3 1 34
18 3 2 6
18 3 3 49
18 3 4 8
18 3 5 33
18 3 6 27
18 3 7 14
18 3 8 16
18 3 9 29
18 3 10 35
18 3 11 0
18 3 12 52
18 3 13 1
18 3 14 4
18 3 15 44
18 3 16 40
18 3 17 51
18 3 18 26
18 4 0 42
18 4 1 14
18 4 2 44
18 4 3 4
18 4 4 23
18 4 5 54
18 4 6 0
18 4 7 16
18 4 8 37
18 4 9 33
18 4 10 18
18 4 11 47
18 4 12 7
18 4 13 11
18 4 14 32
18 4 15 43
18 4 16 50
18 4 17 53
18 4 18 31
18 5 0 12
18 5 1 16
18 5 2 0
18 5 3 38
18 5 4 31
18 5 5 3
18 5 6 10
18 5 7 50
18 5 8 30
18 5 9 2
18 5 10 28
18 5 11 15
18 5 12 26
18 5 13 32
18 5 14 25
18 5 15 49
18 5 16 51
18 5 17 23
18 5 18 47
18 6 0 21
18 6 1 7
18 6 2 26
18 6 3 44
18 6 4 1
18 6 5 16
18 6 6 29
18 6 7 43
18 6 8 12
18 6 9 34
18 6 10 54
18 6 11 24
18 6 12 38
18 6 13 40
18 6 14 48
18 6 15 22
18 6 16 19
18 6 17 41
18 6 18 5
18 7 0 13
18 7 1 37
18 7 2 52
18 7 3 53
18 7 4 14
18 7 5 51
18 7 6 49
18 7 7 4
18 7 8 50
18 7 9 0
18 7 10 20
18 7 11 46
18 7 12 31
18 7 13 47
18 7 14 35
18 7 15 54
18 7 16 28
18 7 17 3
18 7 18 44
18 8 0 50
18 8 1 44
18 8 2 10
18 8 3 13
18 8 4 43
18 8 5 37
18 8 6 4
18 8 7 42
18 8 8 6
18 8 9 27
18 8 10 15
18 8 11 20
18 8 12 46
18 8 13 24
18 8 14 45
18 8 15 35
18 8 16 5
18 8 17 54
18 8 18 9
18 9 0 26
18 9 1 4
18 9 2 7
18 9 3 40
18 9 4 29
18 9 5 8
18 9 6 34
18 9 7 12
18 9 8 39
18 9 9 36
18 9 10 33
18 9 11 45
18 9 12 48
18 9 13 2
18 9 14 31
18 9 15 11
18 9 16 21
18 9 17 13
18 9 18 49
18 10 0 3
18 10 1 41
18 10 2 24
18 10 3 50
18 10 4 4
18 10 5 42
18 10 6 14
18 10 7 39
18 10 8 32
18 10 9 51
18 10 10 44
18 10 11 30
18 10 12 23
18 10 13 29
18 10 14 17
18 10 15 27
18 10 16 13
18 10 17 25
18 10 18 53
18 11 0 16
18 11 1 47
18 11 2 32
18 11 3 10
18 11 4 46
18 11 5 12
18 11 6 53
18 11 7 24
18 11 8 49
18 11 9 43
18 11 10 52
18 11 11 23
18 11 12 39
18 11 13 45
18 11 14 42
18 11 15 5
18 11 16 22
18 11 17 37
18 11 18 1
18 12 0 28
18 12 1 22
18 12 2 17
18 12 3 1
18 12 4 5
18 12 5 21
18 12 6 47
18 12 7 29
18 12 8 42
18 12 9 48
18 12 10 46
18 12 11 53
18 12 12 2
18 12 13 43
18 12 14 15
18 12 15 20
18 12 16 26
18 12 17 7
18 12 18 14
18 13 0 52
18 13 1 13
18 13 2 34
18 13 3 3
18 13 4 40
18 13 5 38
18 13 6 37
18 13 7 41
18 13 8 45
18 13 9 44
18 13 10 6
18 13 11 10
18 13 12 22
18 13 13 18
18 13 14 47
18 13 15 21
18 13 16 1
18 13 17 17
18 13 18 27
18 14 0 9
18 14 1 38
18 14 2 11
18 14 3 54
18 14 4 51
18 14 5 24
18 14 6 40
18 14 7 19
18 14 8 35
18 14 9 13
18 14 10 16
18 14 11 50
18 14 12 17
18 14 13 36
18 14 14 23
18 14 15 1
18 14 16 3
18 14 17 28
18 14 18 41
18 15 0 23
18 15 1 18
18 15 2 40
18 15 3 7
18 15 4 34
18 15 5 39
18 15 6 31
18 15 7 46
18 15 8 41
18 15 9 15
18 15 10 43
18 15 11 6
18 15 12 25
18 15 13 48
18 15 14 9
18 15 15 17
18 15 16 30
18 15 17 22
18 15 18 4
18 16 0 15
18 16 1 20
18 16 2 22
18 16 3 47
18 16 4 38
18 16 5 19
18 16 6 48
18 16 7 35
18 16 8 10
18 16 9 17
18 16 10 12
18 16 11 27
18 16 12 41
18 16 13 16
18 16 14 18
18 16 15 36
18 16 16 52
18 16 17 11
18 16 18 25
18 17 0 33
18 17 1 28
18 17 2 25
18 17 3 37
18 17 4 30
18 17 5 27
18 17 6 22
18 17 7 2
18 17 8 31
18 17 9 41
18 17 10 26
18 17 11 19
18 17 12 8
18 17 13 6
18 17 14 36
18 17 15 29
18 17 16 9
18 17 17 24
18 17 18 15
18 18 0 54
18 18 1 36
18 18 2 18
18 18 3 42
18 18 4 33
18 18 5 35
18 18 6 5
18 18 7 30
18 18 8 8
18 18 9 50
18 18 10 19
18 18 11 3
18 18 12 14
18 18 13 38
18 18 14 28
18 18 15 9
18 18 16 49
18 18 17 12
18 18 18 20
