# silver (19,3)-cube, colors=55; tau-equivariant, slope t=1
# cycle holes h_A=0 h_B=1; cycle tilings invariant under
# scaling by the order-6/6 subgroup of Z_p^* about their own holes
# diagonal: x+y+z = 0 (mod 19); lines: x y z color
0 0 0 0
0 0 1 18
0 0 2 48
0 0 3 54
0 0 4 50
0 0 5 22
0 0 6 37
0 0 7 12
0 0 8 11
0 0 9 34
0 0 10 52
0 0 11 8
0 0 12 7
0 0 13 33
0 0 14 44
0 0 15 41
0 0 16 27
0 0 17 35
0 0 18 1
0 1 0 5
0 1 1 24
0 1 2 53
0 1 3 22
0 1 4 37
0 1 5 21
0 1 6 4
0 1 7 17
0 1 8 29
0 1 9 20
0 1 10 9
0 1 11 6
0 1 12 52
0 1 13 34
0 1 14 23
0 1 15 13
0 1 16 42
0 1 17 7
0 1 18 54
0 2 0 32
0 2 1 36
0 2 2 34
0 2 3 45
0 2 4 33
0 2 5 5
0 2 6 8
0 2 7 22
0 2 8 50
0 2 9 11
0 2 10 16
0 2 11 25
0 2 12 42
0 2 13 30
0 2 14 54
0 2 15 27
0 2 16 3
0 2 17 53
0 2 18 14
0 3 0 51
0 3 1 47
0 3 2 44
0 3 3 29
0 3 4 7
0 3 5 14
0 3 6 20
0 3 7 24
0 3 8 2
0 3 9 12
0 3 10 50
0 3 11 34
0 3 12 31
0 3 13 53
0 3 14 40
0 3 15 5
0 3 16 52
0 3 17 17
0 3 18 45
0 4 0 46
0 4 1 22
0 4 2 31
0 4 3 0
0 4 4 3
0 4 5 29
0 4 6 36
0 4 7 2
0 4 8 15
0 4 9 25
0 4 10 40
0 4 11 24
0 4 12 28
0 4 13 39
0 4 14 11
0 4 15 51
0 4 16 8
0 4 17 44
0 4 18 26
0 5 0 42
0 5 1 52
0 5 2 17
0 5 3 3
0 5 4 34
0 5 5 47
0 5 6 2
0 5 7 16
0 5 8 37
0 5 9 39
0 5 10 36
0 5 11 51
0 5 12 38
0 5 13 18
0 5 14 50
0 5 15 1
0 5 16 32
0 5 17 49
0 5 18 30
0 6 0 29
0 6 1 3
0 6 2 7
0 6 3 52
0 6 4 46
0 6 5 12
0 6 6 14
0 6 7 47
0 6 8 38
0 6 9 22
0 6 10 21
0 6 11 37
0 6 12 13
0 6 13 49
0 6 14 0
0 6 15 42
0 6 16 48
0 6 17 31
0 6 18 36
0 7 0 16
0 7 1 4
0 7 2 36
0 7 3 30
0 7 4 9
0 7 5 11
0 7 6 46
0 7 7 26
0 7 8 25
0 7 9 49
0 7 10 15
0 7 11 5
0 7 12 48
0 7 13 6
0 7 14 24
0 7 15 33
0 7 16 43
0 7 17 40
0 7 18 50
0 8 0 2
0 8 1 50
0 8 2 27
0 8 3 18
0 8 4 15
0 8 5 35
0 8 6 9
0 8 7 52
0 8 8 48
0 8 9 54
0 8 10 13
0 8 11 47
0 8 12 10
0 8 13 40
0 8 14 29
0 8 15 32
0 8 16 39
0 8 17 26
0 8 18 3
0 9 0 30
0 9 1 43
0 9 2 0
0 9 3 1
0 9 4 31
0 9 5 54
0 9 6 25
0 9 7 28
0 9 8 53
0 9 9 2
0 9 10 46
0 9 11 14
0 9 12 39
0 9 13 45
0 9 14 41
0 9 15 38
0 9 16 22
0 9 17 18
0 9 18 10
0 10 0 21
0 10 1 9
0 10 2 1
0 10 3 43
0 10 4 53
0 10 5 50
0 10 6 24
0 10 7 33
0 10 8 5
0 10 9 45
0 10 10 17
0 10 11 38
0 10 12 44
0 10 13 32
0 10 14 31
0 10 15 47
0 10 16 18
0 10 17 0
0 10 18 27
0 11 0 17
0 11 1 16
0 11 2 28
0 11 3 21
0 11 4 26
0 11 5 45
0 11 6 51
0 11 7 9
0 11 8 44
0 11 9 6
0 11 10 20
0 11 11 36
0 11 12 35
0 11 13 10
0 11 14 46
0 11 15 4
0 11 16 1
0 11 17 47
0 11 18 41
0 12 0 3
0 12 1 41
0 12 2 51
0 12 3 27
0 12 4 44
0 12 5 25
0 12 6 13
0 12 7 43
0 12 8 14
0 12 9 4
0 12 10 42
0 12 11 21
0 12 12 54
0 12 13 20
0 12 14 8
0 12 15 10
0 12 16 46
0 12 17 23
0 12 18 15
0 13 0 26
0 13 1 35
0 13 2 47
0 13 3 31
0 13 4 49
0 13 5 0
0 13 6 42
0 13 7 6
0 13 8 54
0 13 9 29
0 13 10 33
0 13 11 53
0 13 12 32
0 13 13 5
0 13 14 7
0 13 15 21
0 13 16 28
0 13 17 12
0 13 18 16
0 14 0 49
0 14 1 46
0 14 2 42
0 14 3 48
0 14 4 18
0 14 5 41
0 14 6 1
0 14 7 53
0 14 8 40
0 14 9 26
0 14 10 23
0 14 11 43
0 14 12 3
0 14 13 17
0 14 14 33
0 14 15 37
0 14 16 16
0 14 17 2
0 14 18 28
0 15 0 23
0 15 1 21
0 15 2 25
0 15 3 11
0 15 4 40
0 15 5 8
0 15 6 30
0 15 7 39
0 15 8 27
0 15 9 51
0 15 10 32
0 15 11 4
0 15 12 17
0 15 13 43
0 15 14 35
0 15 15 16
0 15 16 0
0 15 17 24
0 15 18 48
0 16 0 40
0 16 1 33
0 16 2 2
0 16 3 39
0 16 4 14
0 16 5 51
0 16 6 38
0 16 7 34
0 16 8 23
0 16 9 41
0 16 10 7
0 16 11 17
0 16 12 37
0 16 13 28
0 16 14 5
0 16 15 12
0 16 16 36
0 16 17 20
0 16 18 35
0 17 0 45
0 17 1 5
0 17 2 38
0 17 3 16
0 17 4 22
0 17 5 30
0 17 6 52
0 17 7 49
0 17 8 24
0 17 9 3
0 17 10 8
0 17 11 41
0 17 12 23
0 17 13 11
0 17 14 14
0 17 15 20
0 17 16 35
0 17 17 43
0 17 18 39
0 18 0 14
0 18 1 19
0 18 2 12
0 18 3 49
0 18 4 6
0 18 5 34
0 18 6 48
0 18 7 32
0 18 8 13
0 18 9 10
0 18 10 29
0 18 11 28
0 18 12 2
0 18 13 15
0 18 14 25
0 18 15 45
0 18 16 23
0 18 17 38
0 18 18 44
1 0 0 13
1 0 1 49
1 0 2 7
1 0 3 35
1 0 4 48
1 0 5 33
1 0 6 14
1 0 7 11
1 0 8 30
1 0 9 29
1 0 10 3
1 0 11 16
1 0 12 26
1 0 13 45
1 0 14 24
1 0 15 38
1 0 16 44
1 0 17 15
1 0 18 20
1 1 0 48
1 1 1 54
1 1 2 50
1 1 3 23
1 1 4 19
1 1 5 13
1 1 6 12
1 1 7 35
1 1 8 52
1 1 9 9
1 1 10 8
1 1 11 34
1 1 12 44
1 1 13 41
1 1 14 28
1 1 15 36
1 1 16 2
1 1 17 1
1 1 18 0
1 2 0 53
1 2 1 23
1 2 2 19
1 2 3 22
1 2 4 5
1 2 5 18
1 2 6 30
1 2 7 21
1 2 8 10
1 2 9 7
1 2 10 52
1 2 11 35
1 2 12 24
1 2 13 14
1 2 14 42
1 2 15 8
1 2 16 54
1 2 17 6
1 2 18 25
1 3 0 35
1 3 1 45
1 3 2 34
1 3 3 6
1 3 4 9
1 3 5 23
1 3 6 50
1 3 7 12
1 3 8 17
1 3 9 26
1 3 10 42
1 3 11 31
1 3 12 54
1 3 13 28
1 3 14 4
1 3 15 53
1 3 16 15
1 3 17 33
1 3 18 37
1 4 0 44
1 4 1 30
1 4 2 8
1 4 3 15
1 4 4 21
1 4 5 25
1 4 6 3
1 4 7 13
1 4 8 50
1 4 9 35
1 4 10 32
1 4 11 53
1 4 12 40
1 4 13 6
1 4 14 52
1 4 15 18
1 4 16 45
1 4 17 51
1 4 18 47
1 5 0 32
1 5 1 1
1 5 2 4
1 5 3 30
1 5 4 37
1 5 5 3
1 5 6 16
1 5 7 26
1 5 8 40
1 5 9 25
1 5 10 29
1 5 11 39
1 5 12 12
1 5 13 51
1 5 14 9
1 5 15 44
1 5 16 27
1 5 17 46
1 5 18 23
1 6 0 18
1 6 1 4
1 6 2 35
1 6 3 47
1 6 4 3
1 6 5 17
1 6 6 19
1 6 7 39
1 6 8 37
1 6 9 51
1 6 10 38
1 6 11 0
1 6 12 50
1 6 13 2
1 6 14 33
1 6 15 49
1 6 16 31
1 6 17 42
1 6 18 52
1 7 0 8
1 7 1 52
1 7 2 46
1 7 3 13
1 7 4 15
1 7 5 47
1 7 6 38
1 7 7 23
1 7 8 22
1 7 9 19
1 7 10 14
1 7 11 49
1 7 12 1
1 7 13 42
1 7 14 48
1 7 15 32
1 7 16 37
1 7 17 30
1 7 18 4
1 8 0 37
1 8 1 31
1 8 2 10
1 8 3 12
1 8 4 46
1 8 5 27
1 8 6 26
1 8 7 49
1 8 8 16
1 8 9 6
1 8 10 48
1 8 11 7
1 8 12 25
1 8 13 34
1 8 14 43
1 8 15 40
1 8 16 50
1 8 17 17
1 8 18 5
1 9 0 28
1 9 1 0
1 9 2 16
1 9 3 36
1 9 4 10
1 9 5 52
1 9 6 48
1 9 7 54
1 9 8 14
1 9 9 47
1 9 10 11
1 9 11 40
1 9 12 30
1 9 13 33
1 9 14 39
1 9 15 27
1 9 16 4
1 9 17 3
1 9 18 50
1 10 0 1
1 10 1 2
1 10 2 32
1 10 3 54
1 10 4 26
1 10 5 29
1 10 6 53
1 10 7 3
1 10 8 46
1 10 9 15
1 10 10 39
1 10 11 45
1 10 12 41
1 10 13 38
1 10 14 23
1 10 15 0
1 10 16 11
1 10 17 31
1 10 18 43
1 11 0 2
1 11 1 43
1 11 2 53
1 11 3 50
1 11 4 25
1 11 5 34
1 11 6 6
1 11 7 45
1 11 8 18
1 11 9 38
1 11 10 44
1 11 11 33
1 11 12 32
1 11 13 47
1 11 14 0
1 11 15 1
1 11 16 28
1 11 17 22
1 11 18 10
1 12 0 29
1 12 1 22
1 12 2 27
1 12 3 45
1 12 4 51
1 12 5 10
1 12 6 44
1 12 7 7
1 12 8 21
1 12 9 37
1 12 10 36
1 12 11 11
1 12 12 46
1 12 13 5
1 12 14 2
1 12 15 47
1 12 16 41
1 12 17 18
1 12 18 17
1 13 0 51
1 13 1 28
1 13 2 44
1 13 3 26
1 13 4 14
1 13 5 43
1 13 6 15
1 13 7 5
1 13 8 42
1 13 9 22
1 13 10 54
1 13 11 21
1 13 12 9
1 13 13 11
1 13 14 46
1 13 15 24
1 13 16 16
1 13 17 4
1 13 18 41
1 14 0 47
1 14 1 32
1 14 2 49
1 14 3 1
1 14 4 42
1 14 5 7
1 14 6 54
1 14 7 30
1 14 8 34
1 14 9 53
1 14 10 33
1 14 11 6
1 14 12 8
1 14 13 22
1 14 14 29
1 14 15 13
1 14 16 17
1 14 17 27
1 14 18 36
1 15 0 42
1 15 1 48
1 15 2 0
1 15 3 41
1 15 4 2
1 15 5 53
1 15 6 40
1 15 7 27
1 15 8 24
1 15 9 43
1 15 10 4
1 15 11 18
1 15 12 34
1 15 13 19
1 15 14 17
1 15 15 3
1 15 16 29
1 15 17 49
1 15 18 46
1 16 0 26
1 16 1 12
1 16 2 40
1 16 3 9
1 16 4 31
1 16 5 39
1 16 6 28
1 16 7 51
1 16 8 33
1 16 9 5
1 16 10 18
1 16 11 43
1 16 12 36
1 16 13 17
1 16 14 1
1 16 15 25
1 16 16 48
1 16 17 24
1 16 18 22
1 17 0 3
1 17 1 39
1 17 2 15
1 17 3 51
1 17 4 38
1 17 5 35
1 17 6 24
1 17 7 41
1 17 8 8
1 17 9 18
1 17 10 19
1 17 11 29
1 17 12 6
1 17 13 13
1 17 14 37
1 17 15 21
1 17 16 36
1 17 17 40
1 17 18 34
1 18 0 38
1 18 1 17
1 18 2 23
1 18 3 31
1 18 4 52
1 18 5 49
1 18 6 25
1 18 7 4
1 18 8 9
1 18 9 41
1 18 10 24
1 18 11 12
1 18 12 15
1 18 13 21
1 18 14 36
1 18 15 43
1 18 16 39
1 18 17 45
1 18 18 6
2 0 0 24
2 0 1 32
2 0 2 52
2 0 3 49
2 0 4 26
2 0 5 5
2 0 6 10
2 0 7 41
2 0 8 25
2 0 9 13
2 0 10 16
2 0 11 22
2 0 12 37
2 0 13 43
2 0 14 39
2 0 15 45
2 0 16 7
2 0 17 38
2 0 18 18
2 1 0 8
2 1 1 36
2 1 2 48
2 1 3 34
2 1 4 15
2 1 5 12
2 1 6 31
2 1 7 30
2 1 8 4
2 1 9 17
2 1 10 27
2 1 11 45
2 1 12 25
2 1 13 38
2 1 14 44
2 1 15 16
2 1 16 21
2 1 17 14
2 1 18 49
2 2 0 50
2 2 1 24
2 2 2 20
2 2 3 14
2 2 4 13
2 2 5 36
2 2 6 52
2 2 7 10
2 2 8 9
2 2 9 35
2 2 10 44
2 2 11 41
2 2 12 29
2 2 13 37
2 2 14 3
2 2 15 2
2 2 16 1
2 2 17 48
2 2 18 54
2 3 0 20
2 3 1 23
2 3 2 6
2 3 3 0
2 3 4 31
2 3 5 22
2 3 6 11
2 3 7 8
2 3 8 52
2 3 9 36
2 3 10 25
2 3 11 15
2 3 12 42
2 3 13 9
2 3 14 54
2 3 15 7
2 3 16 26
2 3 17 53
2 3 18 24
2 4 0 35
2 4 1 7
2 4 2 10
2 4 3 24
2 4 4 50
2 4 5 13
2 4 6 18
2 4 7 27
2 4 8 42
2 4 9 32
2 4 10 54
2 4 11 29
2 4 12 5
2 4 13 53
2 4 14 16
2 4 15 34
2 4 16 19
2 4 17 36
2 4 18 45
2 5 0 9
2 5 1 16
2 5 2 22
2 5 3 26
2 5 4 4
2 5 5 14
2 5 6 50
2 5 7 36
2 5 8 33
2 5 9 53
2 5 10 40
2 5 11 7
2 5 12 52
2 5 13 0
2 5 14 45
2 5 15 51
2 5 16 47
2 5 17 44
2 5 18 31
2 6 0 5
2 6 1 31
2 6 2 19
2 6 3 4
2 6 4 17
2 6 5 27
2 6 6 40
2 6 7 26
2 6 8 30
2 6 9 39
2 6 10 13
2 6 11 51
2 6 12 10
2 6 13 44
2 6 14 28
2 6 15 46
2 6 16 24
2 6 17 33
2 6 18 2
2 7 0 36
2 7 1 47
2 7 2 4
2 7 3 18
2 7 4 20
2 7 5 39
2 7 6 19
2 7 7 51
2 7 8 38
2 7 9 1
2 7 10 50
2 7 11 3
2 7 12 34
2 7 13 49
2 7 14 32
2 7 15 42
2 7 16 52
2 7 17 0
2 7 18 5
2 8 0 46
2 8 1 14
2 8 2 16
2 8 3 47
2 8 4 38
2 8 5 24
2 8 6 23
2 8 7 20
2 8 8 15
2 8 9 49
2 8 10 2
2 8 11 42
2 8 12 48
2 8 13 33
2 8 14 19
2 8 15 31
2 8 16 5
2 8 17 9
2 8 18 52
2 9 0 11
2 9 1 13
2 9 2 46
2 9 3 28
2 9 4 27
2 9 5 49
2 9 6 17
2 9 7 7
2 9 8 48
2 9 9 8
2 9 10 26
2 9 11 35
2 9 12 43
2 9 13 40
2 9 14 50
2 9 15 18
2 9 16 6
2 9 17 19
2 9 18 32
2 10 0 17
2 10 1 37
2 10 2 11
2 10 3 52
2 10 4 48
2 10 5 54
2 10 6 15
2 10 7 47
2 10 8 12
2 10 9 40
2 10 10 31
2 10 11 34
2 10 12 39
2 10 13 28
2 10 14 5
2 10 15 4
2 10 16 50
2 10 17 29
2 10 18 1
2 11 0 33
2 11 1 54
2 11 2 27
2 11 3 30
2 11 4 53
2 11 5 4
2 11 6 46
2 11 7 16
2 11 8 39
2 11 9 45
2 11 10 41
2 11 11 38
2 11 12 24
2 11 13 1
2 11 14 12
2 11 15 32
2 11 16 43
2 11 17 2
2 11 18 3
2 12 0 53
2 12 1 50
2 12 2 26
2 12 3 35
2 12 4 7
2 12 5 45
2 12 6 0
2 12 7 38
2 12 8 44
2 12 9 34
2 12 10 33
2 12 11 47
2 12 12 1
2 12 13 2
2 12 14 29
2 12 15 23
2 12 16 11
2 12 17 3
2 12 18 43
2 13 0 28
2 13 1 45
2 13 2 51
2 13 3 11
2 13 4 44
2 13 5 8
2 13 6 22
2 13 7 19
2 13 8 37
2 13 9 12
2 13 10 46
2 13 11 6
2 13 12 3
2 13 13 47
2 13 14 41
2 13 15 0
2 13 16 18
2 13 17 30
2 13 18 23
2 14 0 44
2 14 1 27
2 14 2 15
2 14 3 43
2 14 4 16
2 14 5 6
2 14 6 42
2 14 7 23
2 14 8 54
2 14 9 22
2 14 10 10
2 14 11 12
2 14 12 46
2 14 13 25
2 14 14 17
2 14 15 5
2 14 16 41
2 14 17 51
2 14 18 29
2 15 0 49
2 15 1 2
2 15 2 42
2 15 3 8
2 15 4 54
2 15 5 31
2 15 6 35
2 15 7 53
2 15 8 34
2 15 9 7
2 15 10 9
2 15 11 23
2 15 12 30
2 15 13 14
2 15 14 18
2 15 15 28
2 15 16 37
2 15 17 47
2 15 18 33
2 16 0 1
2 16 1 41
2 16 2 3
2 16 3 53
2 16 4 40
2 16 5 28
2 16 6 25
2 16 7 43
2 16 8 5
2 16 9 0
2 16 10 35
2 16 11 20
2 16 12 18
2 16 13 4
2 16 14 30
2 16 15 49
2 16 16 46
2 16 17 42
2 16 18 48
2 17 0 40
2 17 1 10
2 17 2 32
2 17 3 39
2 17 4 29
2 17 5 51
2 17 6 34
2 17 7 6
2 17 8 0
2 17 9 43
2 17 10 37
2 17 11 18
2 17 12 2
2 17 13 26
2 17 14 48
2 17 15 25
2 17 16 23
2 17 17 27
2 17 18 13
2 18 0 16
2 18 1 51
2 18 2 38
2 18 3 36
2 18 4 25
2 18 5 41
2 18 6 9
2 18 7 0
2 18 8 20
2 18 9 30
2 18 10 7
2 18 11 14
2 18 12 19
2 18 13 22
2 18 14 37
2 18 15 40
2 18 16 35
2 18 17 4
2 18 18 39
3 0 0 38
3 0 1 37
3 0 2 26
3 0 3 41
3 0 4 10
3 0 5 1
3 0 6 21
3 0 7 31
3 0 8 8
3 0 9 15
3 0 10 20
3 0 11 23
3 0 12 19
3 0 13 40
3 0 14 36
3 0 15 5
3 0 16 39
3 0 17 17
3 0 18 51
3 1 0 52
3 1 1 49
3 1 2 27
3 1 3 6
3 1 4 11
3 1 5 41
3 1 6 26
3 1 7 14
3 1 8 17
3 1 9 23
3 1 10 19
3 1 11 43
3 1 12 39
3 1 13 45
3 1 14 8
3 1 15 38
3 1 16 0
3 1 17 25
3 1 18 33
3 2 0 48
3 2 1 35
3 2 2 16
3 2 3 13
3 2 4 32
3 2 5 31
3 2 6 5
3 2 7 18
3 2 8 28
3 2 9 45
3 2 10 26
3 2 11 38
3 2 12 44
3 2 13 17
3 2 14 22
3 2 15 15
3 2 16 49
3 2 17 9
3 2 18 37
3 3 0 21
3 3 1 15
3 3 2 14
3 3 3 37
3 3 4 52
3 3 5 11
3 3 6 10
3 3 7 36
3 3 8 44
3 3 9 41
3 3 10 30
3 3 11 19
3 3 12 4
3 3 13 3
3 3 14 2
3 3 15 48
3 3 16 54
3 3 17 50
3 3 18 25
3 4 0 7
3 4 1 1
3 4 2 32
3 4 3 23
3 4 4 12
3 4 5 9
3 4 6 52
3 4 7 37
3 4 8 26
3 4 9 16
3 4 10 42
3 4 11 10
3 4 12 54
3 4 13 8
3 4 14 27
3 4 15 53
3 4 16 25
3 4 17 21
3 4 18 24
3 5 0 11
3 5 1 25
3 5 2 50
3 5 3 14
3 5 4 0
3 5 5 28
3 5 6 42
3 5 7 33
3 5 8 54
3 5 9 30
3 5 10 6
3 5 11 53
3 5 12 17
3 5 13 35
3 5 14 20
3 5 15 37
3 5 16 45
3 5 17 36
3 5 18 8
3 6 0 23
3 6 1 27
3 6 2 5
3 6 3 15
3 6 4 50
3 6 5 37
3 6 6 34
3 6 7 53
3 6 8 40
3 6 9 8
3 6 10 52
3 6 11 1
3 6 12 45
3 6 13 51
3 6 14 47
3 6 15 44
3 6 16 32
3 6 17 10
3 6 18 17
3 7 0 20
3 7 1 5
3 7 2 18
3 7 3 28
3 7 4 40
3 7 5 27
3 7 6 31
3 7 7 39
3 7 8 14
3 7 9 51
3 7 10 11
3 7 11 44
3 7 12 29
3 7 13 46
3 7 14 25
3 7 15 34
3 7 16 3
3 7 17 6
3 7 18 32
3 8 0 5
3 8 1 0
3 8 2 21
3 8 3 39
3 8 4 20
3 8 5 51
3 8 6 38
3 8 7 2
3 8 8 50
3 8 9 4
3 8 10 35
3 8 11 49
3 8 12 33
3 8 13 42
3 8 14 52
3 8 15 1
3 8 16 6
3 8 17 37
3 8 18 47
3 9 0 17
3 9 1 47
3 9 2 38
3 9 3 25
3 9 4 24
3 9 5 21
3 9 6 16
3 9 7 49
3 9 8 3
3 9 9 42
3 9 10 48
3 9 11 34
3 9 12 20
3 9 13 32
3 9 14 6
3 9 15 10
3 9 16 52
3 9 17 46
3 9 18 15
3 10 0 46
3 10 1 29
3 10 2 28
3 10 3 49
3 10 4 18
3 10 5 8
3 10 6 48
3 10 7 9
3 10 8 27
3 10 9 36
3 10 10 43
3 10 11 40
3 10 12 50
3 10 13 0
3 10 14 7
3 10 15 20
3 10 16 33
3 10 17 12
3 10 18 14
3 11 0 12
3 11 1 52
3 11 2 48
3 11 3 54
3 11 4 16
3 11 5 47
3 11 6 13
3 11 7 40
3 11 8 32
3 11 9 35
3 11 10 39
3 11 11 29
3 11 12 6
3 11 13 5
3 11 14 50
3 11 15 30
3 11 16 2
3 11 17 18
3 11 18 19
3 12 0 28
3 12 1 31
3 12 2 53
3 12 3 5
3 12 4 46
3 12 5 17
3 12 6 39
3 12 7 45
3 12 8 41
3 12 9 38
3 12 10 25
3 12 11 2
3 12 12 13
3 12 13 33
3 12 14 43
3 12 15 3
3 12 16 4
3 12 17 34
3 12 18 54
3 13 0 27
3 13 1 36
3 13 2 8
3 13 3 45
3 13 4 1
3 13 5 38
3 13 6 44
3 13 7 35
3 13 8 34
3 13 9 47
3 13 10 2
3 13 11 3
3 13 12 30
3 13 13 24
3 13 14 12
3 13 15 4
3 13 16 43
3 13 17 53
3 13 18 50
3 14 0 51
3 14 1 12
3 14 2 44
3 14 3 9
3 14 4 23
3 14 5 20
3 14 6 19
3 14 7 13
3 14 8 46
3 14 9 7
3 14 10 4
3 14 11 47
3 14 12 41
3 14 13 1
3 14 14 0
3 14 15 31
3 14 16 24
3 14 17 29
3 14 18 45
3 15 0 16
3 15 1 43
3 15 2 17
3 15 3 7
3 15 4 42
3 15 5 24
3 15 6 54
3 15 7 23
3 15 8 11
3 15 9 13
3 15 10 46
3 15 11 26
3 15 12 18
3 15 13 6
3 15 14 41
3 15 15 51
3 15 16 30
3 15 17 44
3 15 18 28
3 16 0 42
3 16 1 9
3 16 2 54
3 16 3 32
3 16 4 36
3 16 5 53
3 16 6 35
3 16 7 8
3 16 8 10
3 16 9 24
3 16 10 31
3 16 11 15
3 16 12 0
3 16 13 29
3 16 14 19
3 16 15 47
3 16 16 34
3 16 17 49
3 16 18 3
3 17 0 4
3 17 1 53
3 17 2 40
3 17 3 29
3 17 4 26
3 17 5 43
3 17 6 6
3 17 7 1
3 17 8 36
3 17 9 21
3 17 10 0
3 17 11 5
3 17 12 31
3 17 13 49
3 17 14 46
3 17 15 42
3 17 16 48
3 17 17 2
3 17 18 41
3 18 0 33
3 18 1 39
3 18 2 30
3 18 3 51
3 18 4 35
3 18 5 7
3 18 6 1
3 18 7 43
3 18 8 19
3 18 9 0
3 18 10 3
3 18 11 27
3 18 12 48
3 18 13 26
3 18 14 24
3 18 15 28
3 18 16 14
3 18 17 40
3 18 18 11
4 0 0 31
4 0 1 51
4 0 2 36
4 0 3 8
4 0 4 2
4 0 5 43
4 0 6 20
4 0 7 1
4 0 8 4
4 0 9 28
4 0 10 48
4 0 11 27
4 0 12 25
4 0 13 29
4 0 14 15
4 0 15 40
4 0 16 12
4 0 17 34
4 0 18 39
4 1 0 27
4 1 1 41
4 1 2 11
4 1 3 2
4 1 4 22
4 1 5 32
4 1 6 9
4 1 7 16
4 1 8 21
4 1 9 24
4 1 10 20
4 1 11 40
4 1 12 37
4 1 13 6
4 1 14 39
4 1 15 18
4 1 16 51
4 1 17 38
4 1 18 19
4 2 0 28
4 2 1 7
4 2 2 12
4 2 3 41
4 2 4 27
4 2 5 15
4 2 6 18
4 2 7 24
4 2 8 20
4 2 9 43
4 2 10 39
4 2 11 45
4 2 12 9
4 2 13 38
4 2 14 1
4 2 15 26
4 2 16 34
4 2 17 52
4 2 18 49
4 3 0 17
4 3 1 14
4 3 2 33
4 3 3 32
4 3 4 6
4 3 5 0
4 3 6 29
4 3 7 45
4 3 8 27
4 3 9 38
4 3 10 44
4 3 11 18
4 3 12 23
4 3 13 16
4 3 14 49
4 3 15 10
4 3 16 19
4 3 17 48
4 3 18 36
4 4 0 15
4 4 1 19
4 4 2 52
4 4 3 12
4 4 4 11
4 4 5 37
4 4 6 44
4 4 7 41
4 4 8 31
4 4 9 20
4 4 10 5
4 4 11 4
4 4 12 3
4 4 13 48
4 4 14 54
4 4 15 50
4 4 16 26
4 4 17 22
4 4 18 16
4 5 0 33
4 5 1 24
4 5 2 13
4 5 3 10
4 5 4 52
4 5 5 19
4 5 6 27
4 5 7 17
4 5 8 42
4 5 9 11
4 5 10 54
4 5 11 9
4 5 12 28
4 5 13 53
4 5 14 26
4 5 15 22
4 5 16 25
4 5 17 8
4 5 18 2
4 6 0 50
4 6 1 15
4 6 2 1
4 6 3 29
4 6 4 42
4 6 5 34
4 6 6 54
4 6 7 31
4 6 8 7
4 6 9 53
4 6 10 18
4 6 11 36
4 6 12 21
4 6 13 19
4 6 14 45
4 6 15 37
4 6 16 9
4 6 17 12
4 6 18 26
4 7 0 6
4 7 1 16
4 7 2 50
4 7 3 19
4 7 4 35
4 7 5 53
4 7 6 40
4 7 7 9
4 7 8 52
4 7 9 2
4 7 10 45
4 7 11 51
4 7 12 47
4 7 13 44
4 7 14 33
4 7 15 11
4 7 16 18
4 7 17 24
4 7 18 28
4 8 0 0
4 8 1 29
4 8 2 40
4 8 3 28
4 8 4 32
4 8 5 39
4 8 6 15
4 8 7 51
4 8 8 12
4 8 9 44
4 8 10 30
4 8 11 46
4 8 12 26
4 8 13 35
4 8 14 4
4 8 15 7
4 8 16 33
4 8 17 21
4 8 18 6
4 9 0 22
4 9 1 39
4 9 2 21
4 9 3 51
4 9 4 38
4 9 5 3
4 9 6 50
4 9 7 5
4 9 8 36
4 9 9 49
4 9 10 34
4 9 11 42
4 9 12 52
4 9 13 2
4 9 14 7
4 9 15 19
4 9 16 47
4 9 17 6
4 9 18 1
4 10 0 38
4 10 1 26
4 10 2 25
4 10 3 22
4 10 4 17
4 10 5 49
4 10 6 4
4 10 7 42
4 10 8 48
4 10 9 35
4 10 10 21
4 10 11 33
4 10 12 7
4 10 13 11
4 10 14 52
4 10 15 46
4 10 16 16
4 10 17 18
4 10 18 47
4 11 0 29
4 11 1 49
4 11 2 0
4 11 3 9
4 11 4 48
4 11 5 10
4 11 6 28
4 11 7 37
4 11 8 43
4 11 9 40
4 11 10 50
4 11 11 1
4 11 12 8
4 11 13 21
4 11 14 34
4 11 15 13
4 11 16 15
4 11 17 46
4 11 18 30
4 12 0 48
4 12 1 54
4 12 2 17
4 12 3 47
4 12 4 14
4 12 5 40
4 12 6 33
4 12 7 36
4 12 8 39
4 12 9 30
4 12 10 7
4 12 11 6
4 12 12 50
4 12 13 31
4 12 14 3
4 12 15 0
4 12 16 20
4 12 17 13
4 12 18 52
4 13 0 53
4 13 1 6
4 13 2 46
4 13 3 18
4 13 4 39
4 13 5 45
4 13 6 41
4 13 7 38
4 13 8 26
4 13 9 3
4 13 10 14
4 13 11 34
4 13 12 43
4 13 13 4
4 13 14 5
4 13 15 35
4 13 16 54
4 13 17 29
4 13 18 32
4 14 0 9
4 14 1 45
4 14 2 2
4 14 3 38
4 14 4 44
4 14 5 36
4 14 6 35
4 14 7 47
4 14 8 3
4 14 9 4
4 14 10 31
4 14 11 25
4 14 12 13
4 14 13 5
4 14 14 43
4 14 15 53
4 14 16 50
4 14 17 28
4 14 18 37
4 15 0 44
4 15 1 10
4 15 2 24
4 15 3 21
4 15 4 20
4 15 5 14
4 15 6 46
4 15 7 8
4 15 8 5
4 15 9 47
4 15 10 41
4 15 11 2
4 15 12 1
4 15 13 32
4 15 14 25
4 15 15 30
4 15 16 45
4 15 17 51
4 15 18 13
4 16 0 18
4 16 1 8
4 16 2 42
4 16 3 25
4 16 4 54
4 16 5 24
4 16 6 12
4 16 7 14
4 16 8 46
4 16 9 27
4 16 10 0
4 16 11 7
4 16 12 41
4 16 13 51
4 16 14 31
4 16 15 44
4 16 16 29
4 16 17 17
4 16 18 43
4 17 0 54
4 17 1 33
4 17 2 37
4 17 3 53
4 17 4 36
4 17 5 9
4 17 6 11
4 17 7 25
4 17 8 32
4 17 9 16
4 17 10 1
4 17 11 30
4 17 12 20
4 17 13 47
4 17 14 35
4 17 15 49
4 17 16 4
4 17 17 42
4 17 18 10
4 18 0 40
4 18 1 30
4 18 2 27
4 18 3 43
4 18 4 7
4 18 5 2
4 18 6 37
4 18 7 22
4 18 8 1
4 18 9 6
4 18 10 32
4 18 11 49
4 18 12 46
4 18 13 42
4 18 14 48
4 18 15 3
4 18 16 41
4 18 17 5
4 18 18 53
5 0 0 28
5 0 1 43
5 0 2 8
5 0 3 3
5 0 4 19
5 0 5 23
5 0 6 2
5 0 7 7
5 0 8 33
5 0 9 49
5 0 10 46
5 0 11 42
5 0 12 48
5 0 13 4
5 0 14 41
5 0 15 6
5 0 16 53
5 0 17 40
5 0 18 31
5 1 0 37
5 1 1 9
5 1 2 3
5 1 3 43
5 1 4 21
5 1 5 2
5 1 6 5
5 1 7 29
5 1 8 48
5 1 9 28
5 1 10 26
5 1 11 30
5 1 12 16
5 1 13 40
5 1 14 13
5 1 15 35
5 1 16 39
5 1 17 32
5 1 18 51
5 2 0 12
5 2 1 3
5 2 2 23
5 2 3 33
5 2 4 10
5 2 5 17
5 2 6 22
5 2 7 25
5 2 8 21
5 2 9 40
5 2 10 19
5 2 11 7
5 2 12 39
5 2 13 0
5 2 14 51
5 2 15 38
5 2 16 20
5 2 17 28
5 2 18 41
5 3 0 13
5 3 1 41
5 3 2 28
5 3 3 16
5 3 4 0
5 3 5 25
5 3 6 21
5 3 7 43
5 3 8 39
5 3 9 45
5 3 10 10
5 3 11 38
5 3 12 2
5 3 13 27
5 3 14 35
5 3 15 52
5 3 16 49
5 3 17 29
5 3 18 8
5 4 0 34
5 4 1 33
5 4 2 7
5 4 3 1
5 4 4 30
5 4 5 45
5 4 6 28
5 4 7 38
5 4 8 44
5 4 9 0
5 4 10 24
5 4 11 17
5 4 12 49
5 4 13 11
5 4 14 20
5 4 15 48
5 4 16 37
5 4 17 18
5 4 18 15
5 5 0 52
5 5 1 13
5 5 2 12
5 5 3 19
5 5 4 44
5 5 5 41
5 5 6 32
5 5 7 21
5 5 8 6
5 5 9 5
5 5 10 4
5 5 11 48
5 5 12 54
5 5 13 50
5 5 14 27
5 5 15 23
5 5 16 17
5 5 17 16
5 5 18 20
5 6 0 14
5 6 1 11
5 6 2 52
5 6 3 20
5 6 4 28
5 6 5 18
5 6 6 42
5 6 7 12
5 6 8 54
5 6 9 10
5 6 10 29
5 6 11 53
5 6 12 27
5 6 13 23
5 6 14 26
5 6 15 9
5 6 16 3
5 6 17 34
5 6 18 25
5 7 0 2
5 7 1 30
5 7 2 42
5 7 3 35
5 7 4 54
5 7 5 32
5 7 6 8
5 7 7 53
5 7 8 0
5 7 9 37
5 7 10 22
5 7 11 20
5 7 12 45
5 7 13 19
5 7 14 10
5 7 15 13
5 7 16 27
5 7 17 50
5 7 18 16
5 8 0 50
5 8 1 20
5 8 2 36
5 8 3 53
5 8 4 40
5 8 5 10
5 8 6 52
5 8 7 3
5 8 8 45
5 8 9 51
5 8 10 47
5 8 11 44
5 8 12 34
5 8 13 12
5 8 14 0
5 8 15 25
5 8 16 29
5 8 17 7
5 8 18 17
5 9 0 40
5 9 1 29
5 9 2 33
5 9 3 39
5 9 4 16
5 9 5 51
5 9 6 13
5 9 7 44
5 9 8 31
5 9 9 46
5 9 10 27
5 9 11 36
5 9 12 5
5 9 13 8
5 9 14 34
5 9 15 22
5 9 16 7
5 9 17 1
5 9 18 30
5 10 0 22
5 10 1 51
5 10 2 38
5 10 3 4
5 10 4 50
5 10 5 6
5 10 6 37
5 10 7 49
5 10 8 35
5 10 9 42
5 10 10 52
5 10 11 3
5 10 12 8
5 10 13 20
5 10 14 47
5 10 15 7
5 10 16 2
5 10 17 23
5 10 18 39
5 11 0 26
5 11 1 23
5 11 2 18
5 11 3 49
5 11 4 5
5 11 5 42
5 11 6 48
5 11 7 36
5 11 8 22
5 11 9 34
5 11 10 8
5 11 11 12
5 11 12 52
5 11 13 46
5 11 14 17
5 11 15 0
5 11 16 47
5 11 17 38
5 11 18 27
5 12 0 1
5 12 1 10
5 12 2 48
5 12 3 11
5 12 4 29
5 12 5 19
5 12 6 43
5 12 7 40
5 12 8 50
5 12 9 2
5 12 10 9
5 12 11 22
5 12 12 35
5 12 13 14
5 12 14 16
5 12 15 46
5 12 16 31
5 12 17 30
5 12 18 49
5 13 0 18
5 13 1 47
5 13 2 15
5 13 3 40
5 13 4 34
5 13 5 37
5 13 6 39
5 13 7 31
5 13 8 8
5 13 9 7
5 13 10 50
5 13 11 32
5 13 12 4
5 13 13 1
5 13 14 21
5 13 15 14
5 13 16 52
5 13 17 48
5 13 18 54
5 14 0 46
5 14 1 0
5 14 2 39
5 14 3 45
5 14 4 41
5 14 5 38
5 14 6 27
5 14 7 4
5 14 8 15
5 14 9 35
5 14 10 43
5 14 11 5
5 14 12 6
5 14 13 36
5 14 14 54
5 14 15 30
5 14 16 33
5 14 17 53
5 14 18 7
5 15 0 3
5 15 1 38
5 15 2 44
5 15 3 37
5 15 4 36
5 15 5 47
5 15 6 4
5 15 7 5
5 15 8 32
5 15 9 26
5 15 10 14
5 15 11 6
5 15 12 43
5 15 13 53
5 15 14 50
5 15 15 29
5 15 16 19
5 15 17 10
5 15 18 45
5 16 0 25
5 16 1 22
5 16 2 21
5 16 3 15
5 16 4 46
5 16 5 9
5 16 6 6
5 16 7 47
5 16 8 41
5 16 9 3
5 16 10 2
5 16 11 33
5 16 12 26
5 16 13 31
5 16 14 45
5 16 15 51
5 16 16 14
5 16 17 44
5 16 18 11
5 17 0 42
5 17 1 26
5 17 2 54
5 17 3 25
5 17 4 13
5 17 5 15
5 17 6 46
5 17 7 28
5 17 8 1
5 17 9 8
5 17 10 41
5 17 11 51
5 17 12 32
5 17 13 44
5 17 14 30
5 17 15 18
5 17 16 43
5 17 17 0
5 17 18 9
5 18 0 19
5 18 1 53
5 18 2 37
5 18 3 10
5 18 4 12
5 18 5 26
5 18 6 33
5 18 7 17
5 18 8 2
5 18 9 31
5 18 10 21
5 18 11 47
5 18 12 36
5 18 13 49
5 18 14 5
5 18 15 42
5 18 16 11
5 18 17 54
5 18 18 34
6 0 0 19
6 0 1 11
6 0 2 13
6 0 3 27
6 0 4 34
6 0 5 18
6 0 6 3
6 0 7 32
6 0 8 22
6 0 9 47
6 0 10 37
6 0 11 49
6 0 12 6
6 0 13 42
6 0 14 12
6 0 15 54
6 0 16 35
6 0 17 20
6 0 18 53
6 1 0 9
6 1 1 4
6 1 2 20
6 1 3 24
6 1 4 3
6 1 5 8
6 1 6 34
6 1 7 49
6 1 8 46
6 1 9 42
6 1 10 48
6 1 11 5
6 1 12 41
6 1 13 7
6 1 14 53
6 1 15 40
6 1 16 32
6 1 17 29
6 1 18 43
6 2 0 4
6 2 1 43
6 2 2 22
6 2 3 3
6 2 4 6
6 2 5 30
6 2 6 48
6 2 7 29
6 2 8 27
6 2 9 31
6 2 10 17
6 2 11 40
6 2 12 14
6 2 13 36
6 2 14 39
6 2 15 33
6 2 16 51
6 2 17 19
6 2 18 10
6 3 0 24
6 3 1 34
6 3 2 11
6 3 3 18
6 3 4 23
6 3 5 26
6 3 6 22
6 3 7 40
6 3 8 20
6 3 9 8
6 3 10 39
6 3 11 1
6 3 12 51
6 3 13 38
6 3 14 21
6 3 15 29
6 3 16 41
6 3 17 13
6 3 18 4
6 4 0 29
6 4 1 17
6 4 2 1
6 4 3 26
6 4 4 22
6 4 5 43
6 4 6 39
6 4 7 45
6 4 8 11
6 4 9 38
6 4 10 3
6 4 11 28
6 4 12 36
6 4 13 52
6 4 14 49
6 4 15 30
6 4 16 9
6 4 17 14
6 4 18 41
6 5 0 8
6 5 1 2
6 5 2 31
6 5 3 45
6 5 4 29
6 5 5 38
6 5 6 44
6 5 7 1
6 5 8 25
6 5 9 18
6 5 10 49
6 5 11 12
6 5 12 21
6 5 13 48
6 5 14 19
6 5 15 0
6 5 16 16
6 5 17 35
6 5 18 34
6 6 0 13
6 6 1 20
6 6 2 44
6 6 3 41
6 6 4 33
6 6 5 22
6 6 6 7
6 6 7 6
6 6 8 5
6 6 9 48
6 6 10 54
6 6 11 50
6 6 12 28
6 6 13 24
6 6 14 18
6 6 15 17
6 6 16 21
6 6 17 52
6 6 18 14
6 7 0 52
6 7 1 21
6 7 2 29
6 7 3 0
6 7 4 42
6 7 5 13
6 7 6 54
6 7 7 11
6 7 8 30
6 7 9 53
6 7 10 28
6 7 11 24
6 7 12 27
6 7 13 10
6 7 14 4
6 7 15 35
6 7 16 26
6 7 17 15
6 7 18 12
6 8 0 42
6 8 1 36
6 8 2 54
6 8 3 33
6 8 4 9
6 8 5 53
6 8 6 1
6 8 7 19
6 8 8 23
6 8 9 21
6 8 10 45
6 8 11 20
6 8 12 11
6 8 13 14
6 8 14 28
6 8 15 50
6 8 16 17
6 8 17 3
6 8 18 31
6 9 0 37
6 9 1 53
6 9 2 40
6 9 3 11
6 9 4 52
6 9 5 4
6 9 6 45
6 9 7 51
6 9 8 47
6 9 9 44
6 9 10 35
6 9 11 13
6 9 12 1
6 9 13 26
6 9 14 30
6 9 15 8
6 9 16 18
6 9 17 50
6 9 18 21
6 10 0 34
6 10 1 39
6 10 2 17
6 10 3 51
6 10 4 14
6 10 5 44
6 10 6 32
6 10 7 46
6 10 8 28
6 10 9 37
6 10 10 6
6 10 11 9
6 10 12 35
6 10 13 23
6 10 14 8
6 10 15 2
6 10 16 31
6 10 17 40
6 10 18 30
6 11 0 38
6 11 1 5
6 11 2 50
6 11 3 7
6 11 4 19
6 11 5 49
6 11 6 36
6 11 7 42
6 11 8 52
6 11 9 4
6 11 10 9
6 11 11 21
6 11 12 47
6 11 13 8
6 11 14 3
6 11 15 24
6 11 16 39
6 11 17 23
6 11 18 51
6 12 0 0
6 12 1 49
6 12 2 6
6 12 3 42
6 12 4 48
6 12 5 37
6 12 6 23
6 12 7 35
6 12 8 9
6 12 9 13
6 12 10 52
6 12 11 46
6 12 12 18
6 12 13 1
6 12 14 47
6 12 15 38
6 12 16 28
6 12 17 27
6 12 18 24
6 13 0 48
6 13 1 12
6 13 2 30
6 13 3 20
6 13 4 43
6 13 5 40
6 13 6 50
6 13 7 3
6 13 8 10
6 13 9 23
6 13 10 36
6 13 11 15
6 13 12 17
6 13 13 46
6 13 14 32
6 13 15 31
6 13 16 49
6 13 17 2
6 13 18 11
6 14 0 16
6 14 1 40
6 14 2 35
6 14 3 19
6 14 4 39
6 14 5 32
6 14 6 9
6 14 7 8
6 14 8 50
6 14 9 33
6 14 10 5
6 14 11 2
6 14 12 22
6 14 13 15
6 14 14 52
6 14 15 48
6 14 16 54
6 14 17 0
6 14 18 47
6 15 0 39
6 15 1 45
6 15 2 41
6 15 3 38
6 15 4 28
6 15 5 5
6 15 6 16
6 15 7 36
6 15 8 43
6 15 9 6
6 15 10 7
6 15 11 37
6 15 12 54
6 15 13 31
6 15 14 34
6 15 15 53
6 15 16 8
6 15 17 46
6 15 18 1
6 16 0 44
6 16 1 19
6 16 2 37
6 16 3 47
6 16 4 5
6 16 5 6
6 16 6 33
6 16 7 27
6 16 8 15
6 16 9 7
6 16 10 43
6 16 11 53
6 16 12 50
6 16 13 30
6 16 14 20
6 16 15 11
6 16 16 45
6 16 17 4
6 16 18 38
6 17 0 22
6 17 1 16
6 17 2 46
6 17 3 10
6 17 4 7
6 17 5 47
6 17 6 41
6 17 7 4
6 17 8 3
6 17 9 34
6 17 10 27
6 17 11 32
6 17 12 45
6 17 13 51
6 17 14 15
6 17 15 44
6 17 16 12
6 17 17 26
6 17 18 23
6 18 0 54
6 18 1 26
6 18 2 14
6 18 3 16
6 18 4 46
6 18 5 29
6 18 6 2
6 18 7 9
6 18 8 41
6 18 9 51
6 18 10 33
6 18 11 44
6 18 12 31
6 18 13 0
6 18 14 43
6 18 15 1
6 18 16 10
6 18 17 42
6 18 18 27
7 0 0 15
7 0 1 17
7 0 2 46
7 0 3 30
7 0 4 3
7 0 5 10
7 0 6 41
7 0 7 51
7 0 8 34
7 0 9 44
7 0 10 32
7 0 11 1
7 0 12 43
7 0 13 2
7 0 14 11
7 0 15 42
7 0 16 28
7 0 17 54
7 0 18 27
7 1 0 14
7 1 1 28
7 1 2 35
7 1 3 0
7 1 4 4
7 1 5 33
7 1 6 23
7 1 7 47
7 1 8 19
7 1 9 49
7 1 10 7
7 1 11 42
7 1 12 13
7 1 13 54
7 1 14 36
7 1 15 21
7 1 16 53
7 1 17 20
7 1 18 12
7 2 0 21
7 2 1 25
7 2 2 4
7 2 3 9
7 2 4 35
7 2 5 49
7 2 6 46
7 2 7 42
7 2 8 48
7 2 9 6
7 2 10 41
7 2 11 8
7 2 12 53
7 2 13 40
7 2 14 33
7 2 15 30
7 2 16 43
7 2 17 10
7 2 18 5
7 3 0 23
7 3 1 4
7 3 2 7
7 3 3 31
7 3 4 48
7 3 5 30
7 3 6 28
7 3 7 32
7 3 8 18
7 3 9 40
7 3 10 15
7 3 11 37
7 3 12 39
7 3 13 34
7 3 14 51
7 3 15 20
7 3 16 11
7 3 17 5
7 3 18 43
7 4 0 12
7 4 1 0
7 4 2 24
7 4 3 27
7 4 4 23
7 4 5 40
7 4 6 21
7 4 7 9
7 4 8 39
7 4 9 2
7 4 10 51
7 4 11 38
7 4 12 22
7 4 13 30
7 4 14 41
7 4 15 14
7 4 16 5
7 4 17 25
7 4 18 35
7 5 0 2
7 5 1 27
7 5 2 23
7 5 3 43
7 5 4 39
7 5 5 45
7 5 6 12
7 5 7 38
7 5 8 4
7 5 9 29
7 5 10 37
7 5 11 52
7 5 12 49
7 5 13 31
7 5 14 10
7 5 15 15
7 5 16 41
7 5 17 30
7 5 18 18
7 6 0 32
7 6 1 45
7 6 2 30
7 6 3 38
7 6 4 44
7 6 5 2
7 6 6 26
7 6 7 0
7 6 8 49
7 6 9 13
7 6 10 22
7 6 11 48
7 6 12 20
7 6 13 1
7 6 14 17
7 6 15 36
7 6 16 35
7 6 17 9
7 6 18 3
7 7 0 44
7 7 1 41
7 7 2 34
7 7 3 23
7 7 4 8
7 7 5 7
7 7 6 6
7 7 7 48
7 7 8 54
7 7 9 50
7 7 10 29
7 7 11 25
7 7 12 0
7 7 13 18
7 7 14 22
7 7 15 52
7 7 16 15
7 7 17 14
7 7 18 21
7 8 0 30
7 8 1 1
7 8 2 42
7 8 3 14
7 8 4 54
7 8 5 12
7 8 6 31
7 8 7 53
7 8 8 29
7 8 9 25
7 8 10 28
7 8 11 11
7 8 12 5
7 8 13 36
7 8 14 27
7 8 15 16
7 8 16 13
7 8 17 52
7 8 18 22
7 9 0 54
7 9 1 34
7 9 2 10
7 9 3 53
7 9 4 2
7 9 5 20
7 9 6 24
7 9 7 22
7 9 8 45
7 9 9 21
7 9 10 12
7 9 11 15
7 9 12 29
7 9 13 50
7 9 14 18
7 9 15 4
7 9 16 32
7 9 17 42
7 9 18 37
7 10 0 40
7 10 1 12
7 10 2 52
7 10 3 5
7 10 4 45
7 10 5 51
7 10 6 47
7 10 7 44
7 10 8 36
7 10 9 14
7 10 10 2
7 10 11 27
7 10 12 31
7 10 13 9
7 10 14 0
7 10 15 50
7 10 16 22
7 10 17 19
7 10 18 53
7 11 0 18
7 11 1 51
7 11 2 15
7 11 3 44
7 11 4 33
7 11 5 46
7 11 6 29
7 11 7 19
7 11 8 7
7 11 9 10
7 11 10 36
7 11 11 24
7 11 12 9
7 11 13 3
7 11 14 32
7 11 15 40
7 11 16 31
7 11 17 35
7 11 18 39
7 12 0 50
7 12 1 8
7 12 2 20
7 12 3 49
7 12 4 37
7 12 5 42
7 12 6 52
7 12 7 5
7 12 8 10
7 12 9 22
7 12 10 47
7 12 11 9
7 12 12 4
7 12 13 25
7 12 14 39
7 12 15 24
7 12 16 51
7 12 17 38
7 12 18 6
7 13 0 7
7 13 1 42
7 13 2 48
7 13 3 19
7 13 4 24
7 13 5 36
7 13 6 10
7 13 7 14
7 13 8 52
7 13 9 46
7 13 10 0
7 13 11 2
7 13 12 47
7 13 13 38
7 13 14 29
7 13 15 28
7 13 16 25
7 13 17 1
7 13 18 49
7 14 0 31
7 14 1 21
7 14 2 43
7 14 3 40
7 14 4 50
7 14 5 4
7 14 6 11
7 14 7 24
7 14 8 37
7 14 9 16
7 14 10 18
7 14 11 46
7 14 12 33
7 14 13 32
7 14 14 49
7 14 15 3
7 14 16 12
7 14 17 48
7 14 18 13
7 15 0 36
7 15 1 20
7 15 2 39
7 15 3 33
7 15 4 10
7 15 5 9
7 15 6 50
7 15 7 34
7 15 8 6
7 15 9 3
7 15 10 23
7 15 11 16
7 15 12 52
7 15 13 48
7 15 14 54
7 15 15 1
7 15 16 47
7 15 17 17
7 15 18 40
7 16 0 41
7 16 1 38
7 16 2 29
7 16 3 6
7 16 4 17
7 16 5 37
7 16 6 43
7 16 7 7
7 16 8 8
7 16 9 19
7 16 10 54
7 16 11 32
7 16 12 35
7 16 13 53
7 16 14 9
7 16 15 46
7 16 16 2
7 16 17 39
7 16 18 45
7 17 0 19
7 17 1 47
7 17 2 6
7 17 3 7
7 17 4 34
7 17 5 28
7 17 6 16
7 17 7 8
7 17 8 43
7 17 9 53
7 17 10 50
7 17 11 31
7 17 12 21
7 17 13 12
7 17 14 45
7 17 15 5
7 17 16 38
7 17 17 44
7 17 18 20
7 18 0 46
7 18 1 11
7 18 2 8
7 18 3 47
7 18 4 41
7 18 5 5
7 18 6 4
7 18 7 35
7 18 8 28
7 18 9 33
7 18 10 45
7 18 11 51
7 18 12 16
7 18 13 44
7 18 14 13
7 18 15 27
7 18 16 24
7 18 17 23
7 18 18 17
8 0 0 9
8 0 1 47
8 0 2 41
8 0 3 6
8 0 4 5
8 0 5 36
8 0 6 29
8 0 7 34
8 0 8 45
8 0 9 51
8 0 10 17
8 0 11 44
8 0 12 14
8 0 13 28
8 0 14 25
8 0 15 24
8 0 16 18
8 0 17 46
8 0 18 12
8 1 0 46
8 1 1 31
8 1 2 4
8 1 3 11
8 1 4 41
8 1 5 51
8 1 6 35
8 1 7 44
8 1 8 33
8 1 9 2
8 1 10 43
8 1 11 3
8 1 12 12
8 1 13 42
8 1 14 29
8 1 15 54
8 1 16 28
8 1 17 16
8 1 18 18
8 2 0 36
8 2 1 1
8 2 2 5
8 2 3 34
8 2 4 24
8 2 5 47
8 2 6 20
8 2 7 49
8 2 8 8
8 2 9 42
8 2 10 14
8 2 11 54
8 2 12 37
8 2 13 22
8 2 14 53
8 2 15 21
8 2 16 13
8 2 17 15
8 2 18 29
8 3 0 5
8 3 1 10
8 3 2 36
8 3 3 49
8 3 4 46
8 3 5 42
8 3 6 48
8 3 7 7
8 3 8 41
8 3 9 9
8 3 10 53
8 3 11 40
8 3 12 34
8 3 13 31
8 3 14 43
8 3 15 11
8 3 16 6
8 3 17 22
8 3 18 26
8 4 0 8
8 4 1 32
8 4 2 48
8 4 3 31
8 4 4 29
8 4 5 33
8 4 6 0
8 4 7 40
8 4 8 16
8 4 9 19
8 4 10 39
8 4 11 35
8 4 12 51
8 4 13 21
8 4 14 12
8 4 15 6
8 4 16 43
8 4 17 24
8 4 18 5
8 5 0 25
8 5 1 28
8 5 2 24
8 5 3 40
8 5 4 22
8 5 5 10
8 5 6 39
8 5 7 3
8 5 8 51
8 5 9 38
8 5 10 23
8 5 11 31
8 5 12 41
8 5 13 15
8 5 14 6
8 5 15 26
8 5 16 36
8 5 17 13
8 5 18 1
8 6 0 24
8 6 1 43
8 6 2 39
8 6 3 45
8 6 4 13
8 6 5 38
8 6 6 5
8 6 7 30
8 6 8 19
8 6 9 52
8 6 10 49
8 6 11 32
8 6 12 11
8 6 13 16
8 6 14 41
8 6 15 31
8 6 16 0
8 6 17 3
8 6 18 28
8 7 0 31
8 7 1 38
8 7 2 44
8 7 3 3
8 7 4 27
8 7 5 1
8 7 6 49
8 7 7 14
8 7 8 23
8 7 9 48
8 7 10 21
8 7 11 2
8 7 12 18
8 7 13 37
8 7 14 36
8 7 15 10
8 7 16 4
8 7 17 33
8 7 18 45
8 8 0 35
8 8 1 24
8 8 2 9
8 8 3 8
8 8 4 7
8 8 5 48
8 8 6 54
8 8 7 50
8 8 8 30
8 8 9 26
8 8 10 1
8 8 11 0
8 8 12 23
8 8 13 52
8 8 14 16
8 8 15 15
8 8 16 22
8 8 17 44
8 8 18 41
8 9 0 42
8 9 1 15
8 9 2 54
8 9 3 13
8 9 4 32
8 9 5 53
8 9 6 30
8 9 7 26
8 9 8 29
8 9 9 12
8 9 10 6
8 9 11 37
8 9 12 28
8 9 13 17
8 9 14 14
8 9 15 52
8 9 16 23
8 9 17 31
8 9 18 2
8 10 0 11
8 10 1 53
8 10 2 3
8 10 3 21
8 10 4 25
8 10 5 23
8 10 6 45
8 10 7 22
8 10 8 13
8 10 9 16
8 10 10 30
8 10 11 50
8 10 12 0
8 10 13 5
8 10 14 33
8 10 15 42
8 10 16 19
8 10 17 54
8 10 18 35
8 11 0 52
8 11 1 6
8 11 2 45
8 11 3 51
8 11 4 47
8 11 5 44
8 11 6 37
8 11 7 15
8 11 8 3
8 11 9 28
8 11 10 32
8 11 11 10
8 11 12 1
8 11 13 50
8 11 14 23
8 11 15 20
8 11 16 53
8 11 17 40
8 11 18 13
8 12 0 16
8 12 1 44
8 12 2 34
8 12 3 46
8 12 4 30
8 12 5 20
8 12 6 8
8 12 7 11
8 12 8 37
8 12 9 25
8 12 10 10
8 12 11 4
8 12 12 33
8 12 13 40
8 12 14 32
8 12 15 36
8 12 16 39
8 12 17 0
8 12 18 51
8 13 0 21
8 13 1 49
8 13 2 19
8 13 3 42
8 13 4 52
8 13 5 6
8 13 6 11
8 13 7 23
8 13 8 47
8 13 9 10
8 13 10 5
8 13 11 26
8 13 12 39
8 13 13 25
8 13 14 51
8 13 15 38
8 13 16 7
8 13 17 50
8 13 18 9
8 14 0 48
8 14 1 20
8 14 2 25
8 14 3 37
8 14 4 11
8 14 5 15
8 14 6 52
8 14 7 46
8 14 8 1
8 14 9 3
8 14 10 47
8 14 11 38
8 14 12 30
8 14 13 29
8 14 14 26
8 14 15 2
8 14 16 49
8 14 17 8
8 14 18 42
8 15 0 43
8 15 1 40
8 15 2 50
8 15 3 5
8 15 4 12
8 15 5 25
8 15 6 19
8 15 7 17
8 15 8 0
8 15 9 46
8 15 10 34
8 15 11 33
8 15 12 49
8 15 13 4
8 15 14 13
8 15 15 48
8 15 16 14
8 15 17 32
8 15 18 22
8 16 0 39
8 16 1 34
8 16 2 11
8 16 3 10
8 16 4 50
8 16 5 35
8 16 6 7
8 16 7 4
8 16 8 24
8 16 9 17
8 16 10 52
8 16 11 48
8 16 12 54
8 16 13 2
8 16 14 47
8 16 15 18
8 16 16 40
8 16 17 37
8 16 18 21
8 17 0 30
8 17 1 7
8 17 2 18
8 17 3 19
8 17 4 43
8 17 5 8
8 17 6 9
8 17 7 20
8 17 8 54
8 17 9 33
8 17 10 36
8 17 11 53
8 17 12 10
8 17 13 46
8 17 14 3
8 17 15 39
8 17 16 45
8 17 17 41
8 17 18 38
8 18 0 7
8 18 1 8
8 18 2 35
8 18 3 29
8 18 4 17
8 18 5 9
8 18 6 43
8 18 7 53
8 18 8 50
8 18 9 32
8 18 10 22
8 18 11 13
8 18 12 45
8 18 13 6
8 18 14 38
8 18 15 44
8 18 16 21
8 18 17 20
8 18 18 47
9 0 0 36
9 0 1 30
9 0 2 18
9 0 3 10
9 0 4 43
9 0 5 53
9 0 6 50
9 0 7 33
9 0 8 23
9 0 9 14
9 0 10 45
9 0 11 7
9 0 12 38
9 0 13 44
9 0 14 22
9 0 15 21
9 0 16 47
9 0 17 8
9 0 18 9
9 1 0 41
9 1 1 7
9 1 2 6
9 1 3 37
9 1 4 30
9 1 5 35
9 1 6 45
9 1 7 51
9 1 8 18
9 1 9 44
9 1 10 15
9 1 11 29
9 1 12 26
9 1 13 25
9 1 14 0
9 1 15 46
9 1 16 13
9 1 17 10
9 1 18 47
9 2 0 5
9 2 1 12
9 2 2 41
9 2 3 51
9 2 4 36
9 2 5 44
9 2 6 34
9 2 7 3
9 2 8 43
9 2 9 4
9 2 10 13
9 2 11 42
9 2 12 30
9 2 13 54
9 2 14 29
9 2 15 17
9 2 16 0
9 2 17 46
9 2 18 32
9 3 0 6
9 3 1 35
9 3 2 25
9 3 3 47
9 3 4 21
9 3 5 49
9 3 6 9
9 3 7 42
9 3 8 15
9 3 9 54
9 3 10 19
9 3 11 23
9 3 12 53
9 3 13 22
9 3 14 14
9 3 15 16
9 3 16 30
9 3 17 37
9 3 18 2
9 4 0 37
9 4 1 49
9 4 2 46
9 4 3 42
9 4 4 48
9 4 5 8
9 4 6 41
9 4 7 10
9 4 8 53
9 4 9 40
9 4 10 35
9 4 11 32
9 4 12 43
9 4 13 12
9 4 14 7
9 4 15 23
9 4 16 27
9 4 17 6
9 4 18 11
9 5 0 48
9 5 1 32
9 5 2 30
9 5 3 34
9 5 4 1
9 5 5 40
9 5 6 17
9 5 7 20
9 5 8 39
9 5 9 36
9 5 10 51
9 5 11 22
9 5 12 13
9 5 13 7
9 5 14 43
9 5 15 25
9 5 16 6
9 5 17 9
9 5 18 33
9 6 0 25
9 6 1 40
9 6 2 23
9 6 3 11
9 6 4 39
9 6 5 4
9 6 6 51
9 6 7 38
9 6 8 24
9 6 9 32
9 6 10 41
9 6 11 16
9 6 12 7
9 6 13 27
9 6 14 37
9 6 15 14
9 6 16 2
9 6 17 26
9 6 18 29
9 7 0 39
9 7 1 45
9 7 2 14
9 7 3 38
9 7 4 6
9 7 5 31
9 7 6 20
9 7 7 52
9 7 8 49
9 7 9 33
9 7 10 12
9 7 11 17
9 7 12 41
9 7 13 32
9 7 14 1
9 7 15 4
9 7 16 29
9 7 17 25
9 7 18 43
9 8 0 44
9 8 1 4
9 8 2 28
9 8 3 2
9 8 4 49
9 8 5 15
9 8 6 24
9 8 7 48
9 8 8 22
9 8 9 3
9 8 10 0
9 8 11 19
9 8 12 37
9 8 13 11
9 8 14 5
9 8 15 34
9 8 16 45
9 8 17 32
9 8 18 38
9 9 0 10
9 9 1 9
9 9 2 8
9 9 3 48
9 9 4 54
9 9 5 50
9 9 6 31
9 9 7 27
9 9 8 2
9 9 9 1
9 9 10 24
9 9 11 52
9 9 12 17
9 9 13 16
9 9 14 23
9 9 15 44
9 9 16 41
9 9 17 36
9 9 18 25
9 10 0 54
9 10 1 14
9 10 2 33
9 10 3 53
9 10 4 31
9 10 5 27
9 10 6 30
9 10 7 13
9 10 8 7
9 10 9 19
9 10 10 29
9 10 11 18
9 10 12 15
9 10 13 52
9 10 14 24
9 10 15 32
9 10 16 3
9 10 17 42
9 10 18 16
9 11 0 4
9 11 1 22
9 11 2 26
9 11 3 24
9 11 4 45
9 11 5 23
9 11 6 14
9 11 7 17
9 11 8 31
9 11 9 50
9 11 10 1
9 11 11 6
9 11 12 34
9 11 13 42
9 11 14 20
9 11 15 54
9 11 16 36
9 11 17 12
9 11 18 53
9 12 0 45
9 12 1 51
9 12 2 47
9 12 3 44
9 12 4 19
9 12 5 16
9 12 6 4
9 12 7 29
9 12 8 33
9 12 9 11
9 12 10 2
9 12 11 50
9 12 12 24
9 12 13 21
9 12 14 53
9 12 15 40
9 12 16 14
9 12 17 52
9 12 18 7
9 13 0 35
9 13 1 46
9 13 2 31
9 13 3 21
9 13 4 9
9 13 5 12
9 13 6 19
9 13 7 26
9 13 8 11
9 13 9 5
9 13 10 34
9 13 11 40
9 13 12 33
9 13 13 37
9 13 14 39
9 13 15 1
9 13 16 51
9 13 17 17
9 13 18 44
9 14 0 20
9 14 1 42
9 14 2 52
9 14 3 7
9 14 4 12
9 14 5 24
9 14 6 47
9 14 7 11
9 14 8 6
9 14 9 27
9 14 10 39
9 14 11 26
9 14 12 51
9 14 13 38
9 14 14 8
9 14 15 50
9 14 16 10
9 14 17 22
9 14 18 49
9 15 0 26
9 15 1 19
9 15 2 12
9 15 3 16
9 15 4 52
9 15 5 46
9 15 6 2
9 15 7 4
9 15 8 47
9 15 9 38
9 15 10 31
9 15 11 30
9 15 12 27
9 15 13 3
9 15 14 49
9 15 15 9
9 15 16 42
9 15 17 48
9 15 18 21
9 16 0 50
9 16 1 6
9 16 2 13
9 16 3 26
9 16 4 20
9 16 5 18
9 16 6 1
9 16 7 46
9 16 8 35
9 16 9 34
9 16 10 49
9 16 11 5
9 16 12 14
9 16 13 48
9 16 14 15
9 16 15 33
9 16 16 23
9 16 17 43
9 16 18 40
9 17 0 12
9 17 1 11
9 17 2 50
9 17 3 36
9 17 4 8
9 17 5 5
9 17 6 25
9 17 7 18
9 17 8 52
9 17 9 48
9 17 10 54
9 17 11 3
9 17 12 47
9 17 13 0
9 17 14 40
9 17 15 19
9 17 16 22
9 17 17 39
9 17 18 35
9 18 0 0
9 18 1 20
9 18 2 43
9 18 3 9
9 18 4 10
9 18 5 21
9 18 6 54
9 18 7 34
9 18 8 37
9 18 9 53
9 18 10 11
9 18 11 46
9 18 12 4
9 18 13 39
9 18 14 45
9 18 15 41
9 18 16 38
9 18 17 31
9 18 18 8
10 0 0 43
10 0 1 10
10 0 2 11
10 0 3 22
10 0 4 54
10 0 5 35
10 0 6 19
10 0 7 53
10 0 8 12
10 0 9 46
10 0 10 5
10 0 11 39
10 0 12 45
10 0 13 41
10 0 14 38
10 0 15 32
10 0 16 9
10 0 17 1
10 0 18 21
10 1 0 0
10 1 1 11
10 1 2 43
10 1 3 53
10 1 4 50
10 1 5 34
10 1 6 24
10 1 7 15
10 1 8 45
10 1 9 8
10 1 10 38
10 1 11 44
10 1 12 23
10 1 13 22
10 1 14 47
10 1 15 9
10 1 16 10
10 1 17 37
10 1 18 31
10 2 0 7
10 2 1 19
10 2 2 31
10 2 3 36
10 2 4 45
10 2 5 51
10 2 6 0
10 2 7 44
10 2 8 16
10 2 9 30
10 2 10 27
10 2 11 26
10 2 12 1
10 2 13 46
10 2 14 14
10 2 15 11
10 2 16 47
10 2 17 41
10 2 18 8
10 3 0 41
10 3 1 51
10 3 2 37
10 3 3 44
10 3 4 35
10 3 5 4
10 3 6 43
10 3 7 5
10 3 8 14
10 3 9 42
10 3 10 31
10 3 11 54
10 3 12 30
10 3 13 18
10 3 14 1
10 3 15 46
10 3 16 33
10 3 17 6
10 3 18 13
10 4 0 26
10 4 1 47
10 4 2 22
10 4 3 49
10 4 4 10
10 4 5 42
10 4 6 16
10 4 7 54
10 4 8 20
10 4 9 24
10 4 10 53
10 4 11 23
10 4 12 15
10 4 13 17
10 4 14 31
10 4 15 19
10 4 16 3
10 4 17 7
10 4 18 36
10 5 0 46
10 5 1 42
10 5 2 48
10 5 3 9
10 5 4 41
10 5 5 11
10 5 6 53
10 5 7 40
10 5 8 36
10 5 9 33
10 5 10 43
10 5 11 13
10 5 12 8
10 5 13 24
10 5 14 28
10 5 15 7
10 5 16 12
10 5 17 19
10 5 18 49
10 6 0 31
10 6 1 35
10 6 2 2
10 6 3 40
10 6 4 18
10 6 5 21
10 6 6 39
10 6 7 37
10 6 8 51
10 6 9 23
10 6 10 14
10 6 11 8
10 6 12 43
10 6 13 26
10 6 14 7
10 6 15 10
10 6 16 34
10 6 17 48
10 6 18 33
10 7 0 24
10 7 1 12
10 7 2 39
10 7 3 5
10 7 4 51
10 7 5 38
10 7 6 25
10 7 7 33
10 7 8 41
10 7 9 17
10 7 10 8
10 7 11 28
10 7 12 19
10 7 13 15
10 7 14 3
10 7 15 27
10 7 16 30
10 7 17 26
10 7 18 40
10 8 0 15
10 8 1 38
10 8 2 7
10 8 3 32
10 8 4 21
10 8 5 52
10 8 6 49
10 8 7 34
10 8 8 13
10 8 9 18
10 8 10 41
10 8 11 33
10 8 12 2
10 8 13 5
10 8 14 30
10 8 15 26
10 8 16 43
10 8 17 39
10 8 18 45
10 9 0 29
10 9 1 3
10 9 2 49
10 9 3 16
10 9 4 25
10 9 5 48
10 9 6 23
10 9 7 4
10 9 8 1
10 9 9 20
10 9 10 19
10 9 11 12
10 9 12 6
10 9 13 35
10 9 14 45
10 9 15 33
10 9 16 38
10 9 17 44
10 9 18 5
10 10 0 9
10 10 1 48
10 10 2 54
10 10 3 50
10 10 4 32
10 10 5 28
10 10 6 3
10 10 7 2
10 10 8 25
10 10 9 52
10 10 10 18
10 10 11 17
10 10 12 24
10 10 13 44
10 10 14 41
10 10 15 37
10 10 16 26
10 10 17 11
10 10 18 10
10 11 0 34
10 11 1 53
10 11 2 32
10 11 3 28
10 11 4 31
10 11 5 14
10 11 6 8
10 11 7 20
10 11 8 30
10 11 9 0
10 11 10 16
10 11 11 52
10 11 12 25
10 11 13 33
10 11 14 4
10 11 15 42
10 11 16 17
10 11 17 54
10 11 18 15
10 12 0 27
10 12 1 25
10 12 2 45
10 12 3 24
10 12 4 15
10 12 5 18
10 12 6 32
10 12 7 50
10 12 8 2
10 12 9 7
10 12 10 35
10 12 11 42
10 12 12 21
10 12 13 54
10 12 14 37
10 12 15 13
10 12 16 53
10 12 17 5
10 12 18 23
10 13 0 47
10 13 1 44
10 13 2 20
10 13 3 17
10 13 4 5
10 13 5 30
10 13 6 34
10 13 7 12
10 13 8 3
10 13 9 50
10 13 10 25
10 13 11 22
10 13 12 53
10 13 13 40
10 13 14 15
10 13 15 52
10 13 16 8
10 13 17 45
10 13 18 51
10 14 0 32
10 14 1 22
10 14 2 10
10 14 3 13
10 14 4 20
10 14 5 27
10 14 6 12
10 14 7 6
10 14 8 35
10 14 9 40
10 14 10 34
10 14 11 19
10 14 12 39
10 14 13 2
10 14 14 51
10 14 15 18
10 14 16 44
10 14 17 36
10 14 18 46
10 15 0 52
10 15 1 8
10 15 2 13
10 15 3 25
10 15 4 47
10 15 5 12
10 15 6 7
10 15 7 28
10 15 8 39
10 15 9 27
10 15 10 51
10 15 11 38
10 15 12 9
10 15 13 50
10 15 14 11
10 15 15 23
10 15 16 49
10 15 17 21
10 15 18 42
10 16 0 13
10 16 1 17
10 16 2 52
10 16 3 46
10 16 4 3
10 16 5 5
10 16 6 47
10 16 7 38
10 16 8 32
10 16 9 31
10 16 10 28
10 16 11 4
10 16 12 49
10 16 13 10
10 16 14 42
10 16 15 48
10 16 16 22
10 16 17 27
10 16 18 20
10 17 0 14
10 17 1 27
10 17 2 21
10 17 3 0
10 17 4 2
10 17 5 46
10 17 6 36
10 17 7 35
10 17 8 49
10 17 9 6
10 17 10 15
10 17 11 48
10 17 12 16
10 17 13 34
10 17 14 24
10 17 15 43
10 17 16 40
10 17 17 50
10 17 18 7
10 18 0 50
10 18 1 37
10 18 2 9
10 18 3 6
10 18 4 26
10 18 5 0
10 18 6 52
10 18 7 48
10 18 8 54
10 18 9 4
10 18 10 47
10 18 11 1
10 18 12 40
10 18 13 20
10 18 14 23
10 18 15 39
10 18 16 36
10 18 17 13
10 18 18 12
11 0 0 10
11 0 1 7
11 0 2 27
11 0 3 1
11 0 4 52
11 0 5 48
11 0 6 54
11 0 7 5
11 0 8 47
11 0 9 2
11 0 10 40
11 0 11 21
11 0 12 24
11 0 13 39
11 0 14 37
11 0 15 14
11 0 16 13
11 0 17 50
11 0 18 19
11 1 0 12
11 1 1 23
11 1 2 54
11 1 3 36
11 1 4 20
11 1 5 53
11 1 6 13
11 1 7 46
11 1 8 6
11 1 9 39
11 1 10 45
11 1 11 41
11 1 12 38
11 1 13 33
11 1 14 10
11 1 15 2
11 1 16 22
11 1 17 43
11 1 18 11
11 2 0 43
11 2 1 53
11 2 2 50
11 2 3 35
11 2 4 25
11 2 5 16
11 2 6 45
11 2 7 9
11 2 8 38
11 2 9 44
11 2 10 24
11 2 11 23
11 2 12 47
11 2 13 10
11 2 14 11
11 2 15 19
11 2 16 32
11 2 17 1
11 2 18 12
11 3 0 32
11 3 1 37
11 3 2 45
11 3 3 51
11 3 4 1
11 3 5 44
11 3 6 17
11 3 7 31
11 3 8 28
11 3 9 27
11 3 10 2
11 3 11 46
11 3 12 15
11 3 13 12
11 3 14 47
11 3 15 41
11 3 16 9
11 3 17 8
11 3 18 20
11 4 0 19
11 4 1 44
11 4 2 36
11 4 3 5
11 4 4 43
11 4 5 6
11 4 6 15
11 4 7 42
11 4 8 32
11 4 9 54
11 4 10 31
11 4 11 0
11 4 12 2
11 4 13 46
11 4 14 34
11 4 15 7
11 4 16 14
11 4 17 41
11 4 18 51
11 5 0 23
11 5 1 49
11 5 2 11
11 5 3 42
11 5 4 17
11 5 5 54
11 5 6 21
11 5 7 25
11 5 8 53
11 5 9 24
11 5 10 16
11 5 11 18
11 5 12 32
11 5 13 20
11 5 14 4
11 5 15 8
11 5 16 37
11 5 17 27
11 5 18 47
11 6 0 48
11 6 1 10
11 6 2 41
11 6 3 12
11 6 4 53
11 6 5 40
11 6 6 37
11 6 7 34
11 6 8 43
11 6 9 14
11 6 10 9
11 6 11 25
11 6 12 29
11 6 13 8
11 6 14 13
11 6 15 20
11 6 16 49
11 6 17 46
11 6 18 42
11 7 0 3
11 7 1 40
11 7 2 0
11 7 3 22
11 7 4 39
11 7 5 19
11 7 6 51
11 7 7 24
11 7 8 15
11 7 9 9
11 7 10 43
11 7 11 27
11 7 12 8
11 7 13 11
11 7 14 35
11 7 15 48
11 7 16 34
11 7 17 32
11 7 18 36
11 8 0 39
11 8 1 6
11 8 2 51
11 8 3 38
11 8 4 26
11 8 5 34
11 8 6 41
11 8 7 18
11 8 8 9
11 8 9 29
11 8 10 20
11 8 11 16
11 8 12 4
11 8 13 28
11 8 14 31
11 8 15 27
11 8 16 40
11 8 17 25
11 8 18 13
11 9 0 8
11 9 1 33
11 9 2 22
11 9 3 52
11 9 4 49
11 9 5 35
11 9 6 14
11 9 7 0
11 9 8 41
11 9 9 34
11 9 10 3
11 9 11 6
11 9 12 31
11 9 13 27
11 9 14 43
11 9 15 39
11 9 16 45
11 9 17 16
11 9 18 38
11 10 0 49
11 10 1 17
11 10 2 26
11 10 3 48
11 10 4 24
11 10 5 5
11 10 6 2
11 10 7 21
11 10 8 20
11 10 9 13
11 10 10 7
11 10 11 36
11 10 12 45
11 10 13 34
11 10 14 38
11 10 15 44
11 10 16 6
11 10 17 30
11 10 18 4
11 11 0 54
11 11 1 50
11 11 2 33
11 11 3 29
11 11 4 4
11 11 5 3
11 11 6 26
11 11 7 52
11 11 8 0
11 11 9 18
11 11 10 25
11 11 11 44
11 11 12 41
11 11 13 19
11 11 14 27
11 11 15 12
11 11 16 11
11 11 17 10
11 11 18 48
11 12 0 33
11 12 1 29
11 12 2 32
11 12 3 15
11 12 4 9
11 12 5 21
11 12 6 31
11 12 7 1
11 12 8 17
11 12 9 52
11 12 10 26
11 12 11 34
11 12 12 5
11 12 13 42
11 12 14 18
11 12 15 54
11 12 16 16
11 12 17 35
11 12 18 53
11 13 0 45
11 13 1 25
11 13 2 16
11 13 3 0
11 13 4 33
11 13 5 50
11 13 6 3
11 13 7 8
11 13 8 36
11 13 9 42
11 13 10 22
11 13 11 54
11 13 12 19
11 13 13 14
11 13 14 53
11 13 15 6
11 13 16 24
11 13 17 28
11 13 18 26
11 14 0 21
11 14 1 18
11 14 2 6
11 14 3 31
11 14 4 35
11 14 5 13
11 14 6 4
11 14 7 50
11 14 8 26
11 14 9 23
11 14 10 53
11 14 11 40
11 14 12 16
11 14 13 52
11 14 14 9
11 14 15 45
11 14 16 51
11 14 17 47
11 14 18 44
11 15 0 11
11 15 1 14
11 15 2 21
11 15 3 28
11 15 4 13
11 15 5 7
11 15 6 36
11 15 7 40
11 15 8 35
11 15 9 20
11 15 10 39
11 15 11 3
11 15 12 51
11 15 13 0
11 15 14 44
11 15 15 37
11 15 16 46
11 15 17 33
11 15 18 23
11 16 0 14
11 16 1 26
11 16 2 47
11 16 3 13
11 16 4 8
11 16 5 29
11 16 6 39
11 16 7 28
11 16 8 51
11 16 9 38
11 16 10 10
11 16 11 50
11 16 12 12
11 16 13 24
11 16 14 49
11 16 15 22
11 16 16 42
11 16 17 52
11 16 18 9
11 17 0 52
11 17 1 46
11 17 2 4
11 17 3 6
11 17 4 47
11 17 5 38
11 17 6 33
11 17 7 32
11 17 8 29
11 17 9 5
11 17 10 49
11 17 11 11
11 17 12 42
11 17 13 48
11 17 14 23
11 17 15 28
11 17 16 21
11 17 17 14
11 17 18 18
11 18 0 22
11 18 1 1
11 18 2 3
11 18 3 46
11 18 4 37
11 18 5 36
11 18 6 49
11 18 7 7
11 18 8 16
11 18 9 48
11 18 10 17
11 18 11 35
11 18 12 25
11 18 13 43
11 18 14 40
11 18 15 50
11 18 16 8
11 18 17 15
11 18 18 28
12 0 0 4
12 0 1 46
12 0 2 19
12 0 3 37
12 0 4 49
12 0 5 8
12 0 6 17
12 0 7 48
12 0 8 18
12 0 9 36
12 0 10 26
12 0 11 43
12 0 12 40
12 0 13 50
12 0 14 9
12 0 15 16
12 0 16 29
12 0 17 23
12 0 18 2
12 1 0 28
12 1 1 2
12 1 2 52
12 1 3 48
12 1 4 54
12 1 5 6
12 1 6 47
12 1 7 3
12 1 8 40
12 1 9 22
12 1 10 25
12 1 11 39
12 1 12 19
12 1 13 15
12 1 14 14
12 1 15 50
12 1 16 20
12 1 17 11
12 1 18 8
12 2 0 54
12 2 1 37
12 2 2 21
12 2 3 53
12 2 4 14
12 2 5 46
12 2 6 7
12 2 7 39
12 2 8 45
12 2 9 41
12 2 10 38
12 2 11 34
12 2 12 11
12 2 13 3
12 2 14 23
12 2 15 43
12 2 16 12
12 2 17 13
12 2 18 24
12 3 0 50
12 3 1 36
12 3 2 26
12 3 3 17
12 3 4 45
12 3 5 10
12 3 6 38
12 3 7 44
12 3 8 25
12 3 9 24
12 3 10 47
12 3 11 11
12 3 12 12
12 3 13 20
12 3 14 33
12 3 15 2
12 3 16 13
12 3 17 43
12 3 18 53
12 4 0 45
12 4 1 51
12 4 2 2
12 4 3 44
12 4 4 18
12 4 5 32
12 4 6 29
12 4 7 28
12 4 8 3
12 4 9 46
12 4 10 16
12 4 11 13
12 4 12 47
12 4 13 41
12 4 14 10
12 4 15 9
12 4 16 21
12 4 17 33
12 4 18 19
12 5 0 37
12 5 1 6
12 5 2 43
12 5 3 7
12 5 4 16
12 5 5 42
12 5 6 33
12 5 7 54
12 5 8 32
12 5 9 1
12 5 10 3
12 5 11 46
12 5 12 35
12 5 13 8
12 5 14 15
12 5 15 41
12 5 16 51
12 5 17 20
12 5 18 44
12 6 0 12
12 6 1 42
12 6 2 18
12 6 3 54
12 6 4 22
12 6 5 26
12 6 6 53
12 6 7 25
12 6 8 17
12 6 9 0
12 6 10 33
12 6 11 21
12 6 12 5
12 6 13 9
12 6 14 19
12 6 15 28
12 6 16 47
12 6 17 24
12 6 18 49
12 7 0 41
12 7 1 13
12 7 2 53
12 7 3 40
12 7 4 19
12 7 5 35
12 7 6 43
12 7 7 15
12 7 8 10
12 7 9 26
12 7 10 30
12 7 11 9
12 7 12 14
12 7 13 21
12 7 14 49
12 7 15 46
12 7 16 42
12 7 17 48
12 7 18 11
12 8 0 1
12 8 1 23
12 8 2 39
12 8 3 20
12 8 4 51
12 8 5 25
12 8 6 16
12 8 7 10
12 8 8 43
12 8 9 28
12 8 10 9
12 8 11 12
12 8 12 36
12 8 13 48
12 8 14 35
12 8 15 33
12 8 16 37
12 8 17 4
12 8 18 40
12 9 0 51
12 9 1 38
12 9 2 27
12 9 3 35
12 9 4 41
12 9 5 0
12 9 6 10
12 9 7 30
12 9 8 21
12 9 9 17
12 9 10 5
12 9 11 29
12 9 12 32
12 9 13 28
12 9 14 40
12 9 15 26
12 9 16 14
12 9 17 39
12 9 18 7
12 10 0 23
12 10 1 52
12 10 2 49
12 10 3 36
12 10 4 15
12 10 5 1
12 10 6 41
12 10 7 35
12 10 8 4
12 10 9 7
12 10 10 32
12 10 11 28
12 10 12 43
12 10 13 39
12 10 14 45
12 10 15 17
12 10 16 38
12 10 17 9
12 10 18 34
12 11 0 27
12 11 1 48
12 11 2 25
12 11 3 6
12 11 4 3
12 11 5 22
12 11 6 21
12 11 7 14
12 11 8 8
12 11 9 37
12 11 10 45
12 11 11 35
12 11 12 38
12 11 13 44
12 11 14 7
12 11 15 31
12 11 16 5
12 11 17 49
12 11 18 18
12 12 0 34
12 12 1 30
12 12 2 5
12 12 3 4
12 12 4 27
12 12 5 52
12 12 6 1
12 12 7 0
12 12 8 26
12 12 9 44
12 12 10 41
12 12 11 20
12 12 12 28
12 12 13 13
12 12 14 12
12 12 15 11
12 12 16 48
12 12 17 54
12 12 18 50
12 13 0 33
12 13 1 16
12 13 2 10
12 13 3 22
12 13 4 32
12 13 5 2
12 13 6 18
12 13 7 52
12 13 8 27
12 13 9 35
12 13 10 6
12 13 11 42
12 13 12 0
12 13 13 54
12 13 14 17
12 13 15 36
12 13 16 53
12 13 17 34
12 13 18 30
12 14 0 17
12 14 1 1
12 14 2 34
12 14 3 50
12 14 4 4
12 14 5 9
12 14 6 37
12 14 7 42
12 14 8 23
12 14 9 54
12 14 10 20
12 14 11 15
12 14 12 53
12 14 13 7
12 14 14 25
12 14 15 29
12 14 16 27
12 14 17 45
12 14 18 26
12 15 0 7
12 15 1 32
12 15 2 36
12 15 3 14
12 15 4 5
12 15 5 50
12 15 6 27
12 15 7 24
12 15 8 53
12 15 9 40
12 15 10 17
12 15 11 52
12 15 12 10
12 15 13 45
12 15 14 51
12 15 15 47
12 15 16 44
12 15 17 22
12 15 18 0
12 16 0 22
12 16 1 29
12 16 2 14
12 16 3 8
12 16 4 37
12 16 5 40
12 16 6 36
12 16 7 21
12 16 8 39
12 16 9 4
12 16 10 51
12 16 11 1
12 16 12 44
12 16 13 19
12 16 14 46
12 16 15 34
12 16 16 24
12 16 17 12
12 16 18 15
12 17 0 47
12 17 1 14
12 17 2 9
12 17 3 30
12 17 4 39
12 17 5 29
12 17 6 51
12 17 7 38
12 17 8 11
12 17 9 50
12 17 10 13
12 17 11 25
12 17 12 49
12 17 13 23
12 17 14 42
12 17 15 52
12 17 16 10
12 17 17 15
12 17 18 27
12 18 0 5
12 18 1 7
12 18 2 47
12 18 3 38
12 18 4 34
12 18 5 33
12 18 6 30
12 18 7 6
12 18 8 49
12 18 9 12
12 18 10 42
12 18 11 48
12 18 12 24
12 18 13 29
12 18 14 22
12 18 15 15
12 18 16 0
12 18 17 52
12 18 18 46
13 0 0 47
13 0 1 38
13 0 2 35
13 0 3 34
13 0 4 31
13 0 5 7
13 0 6 49
13 0 7 13
13 0 8 42
13 0 9 48
13 0 10 25
13 0 11 30
13 0 12 23
13 0 13 16
13 0 14 1
13 0 15 52
13 0 16 46
13 0 17 6
13 0 18 8
13 1 0 20
13 1 1 19
13 1 2 49
13 1 3 9
13 1 4 18
13 1 5 48
13 1 6 0
13 1 7 37
13 1 8 27
13 1 9 43
13 1 10 40
13 1 11 50
13 1 12 10
13 1 13 17
13 1 14 30
13 1 15 24
13 1 16 3
13 1 17 5
13 1 18 46
13 2 0 52
13 2 1 48
13 2 2 54
13 2 3 7
13 2 4 47
13 2 5 4
13 2 6 40
13 2 7 23
13 2 8 26
13 2 9 39
13 2 10 20
13 2 11 16
13 2 12 15
13 2 13 50
13 2 14 21
13 2 15 12
13 2 16 9
13 2 17 29
13 2 18 3
13 3 0 22
13 3 1 53
13 3 2 15
13 3 3 46
13 3 4 8
13 3 5 39
13 3 6 45
13 3 7 41
13 3 8 38
13 3 9 35
13 3 10 12
13 3 11 4
13 3 12 24
13 3 13 43
13 3 14 13
13 3 15 14
13 3 16 25
13 3 17 54
13 3 18 19
13 4 0 27
13 4 1 18
13 4 2 45
13 4 3 11
13 4 4 38
13 4 5 44
13 4 6 26
13 4 7 25
13 4 8 47
13 4 9 12
13 4 10 13
13 4 11 21
13 4 12 34
13 4 13 3
13 4 14 14
13 4 15 43
13 4 16 53
13 4 17 50
13 4 18 37
13 5 0 3
13 5 1 44
13 5 2 0
13 5 3 33
13 5 4 30
13 5 5 29
13 5 6 4
13 5 7 46
13 5 8 17
13 5 9 14
13 5 10 47
13 5 11 41
13 5 12 11
13 5 13 10
13 5 14 22
13 5 15 34
13 5 16 20
13 5 17 45
13 5 18 51
13 6 0 43
13 6 1 8
13 6 2 17
13 6 3 42
13 6 4 34
13 6 5 54
13 6 6 33
13 6 7 2
13 6 8 4
13 6 9 46
13 6 10 36
13 6 11 9
13 6 12 16
13 6 13 41
13 6 14 51
13 6 15 21
13 6 16 44
13 6 17 19
13 6 18 7
13 7 0 0
13 7 1 54
13 7 2 23
13 7 3 27
13 7 4 53
13 7 5 26
13 7 6 18
13 7 7 1
13 7 8 34
13 7 9 22
13 7 10 6
13 7 11 10
13 7 12 20
13 7 13 29
13 7 14 47
13 7 15 25
13 7 16 49
13 7 17 13
13 7 18 42
13 8 0 53
13 8 1 40
13 8 2 20
13 8 3 36
13 8 4 43
13 8 5 16
13 8 6 11
13 8 7 27
13 8 8 31
13 8 9 10
13 8 10 15
13 8 11 22
13 8 12 49
13 8 13 46
13 8 14 42
13 8 15 48
13 8 16 12
13 8 17 41
13 8 18 14
13 9 0 39
13 9 1 21
13 9 2 51
13 9 3 26
13 9 4 17
13 9 5 11
13 9 6 43
13 9 7 29
13 9 8 10
13 9 9 13
13 9 10 37
13 9 11 48
13 9 12 36
13 9 13 34
13 9 14 19
13 9 15 5
13 9 16 40
13 9 17 2
13 9 18 24
13 10 0 28
13 10 1 36
13 10 2 41
13 10 3 1
13 10 4 11
13 10 5 31
13 10 6 22
13 10 7 18
13 10 8 6
13 10 9 30
13 10 10 33
13 10 11 29
13 10 12 40
13 10 13 27
13 10 14 15
13 10 15 39
13 10 16 8
13 10 17 51
13 10 18 38
13 11 0 49
13 11 1 37
13 11 2 16
13 11 3 2
13 11 4 41
13 11 5 36
13 11 6 5
13 11 7 8
13 11 8 33
13 11 9 29
13 11 10 43
13 11 11 39
13 11 12 45
13 11 13 18
13 11 14 38
13 11 15 10
13 11 16 35
13 11 17 24
13 11 18 52
13 12 0 26
13 12 1 7
13 12 2 4
13 12 3 23
13 12 4 22
13 12 5 15
13 12 6 9
13 12 7 19
13 12 8 45
13 12 9 36
13 12 10 38
13 12 11 44
13 12 12 8
13 12 13 32
13 12 14 6
13 12 15 49
13 12 16 0
13 12 17 28
13 12 18 48
13 13 0 6
13 13 1 5
13 13 2 28
13 13 3 52
13 13 4 2
13 13 5 1
13 13 6 27
13 13 7 44
13 13 8 41
13 13 9 21
13 13 10 29
13 13 11 14
13 13 12 13
13 13 13 12
13 13 14 48
13 13 15 54
13 13 16 50
13 13 17 35
13 13 18 31
13 14 0 11
13 14 1 23
13 14 2 33
13 14 3 3
13 14 4 0
13 14 5 52
13 14 6 28
13 14 7 36
13 14 8 7
13 14 9 42
13 14 10 1
13 14 11 54
13 14 12 18
13 14 13 37
13 14 14 53
13 14 15 35
13 14 16 31
13 14 17 34
13 14 18 17
13 15 0 35
13 15 1 50
13 15 2 5
13 15 3 10
13 15 4 19
13 15 5 42
13 15 6 24
13 15 7 54
13 15 8 21
13 15 9 16
13 15 10 53
13 15 11 8
13 15 12 26
13 15 13 30
13 15 14 28
13 15 15 45
13 15 16 27
13 15 17 18
13 15 18 2
13 16 0 37
13 16 1 15
13 16 2 6
13 16 3 50
13 16 4 28
13 16 5 25
13 16 6 53
13 16 7 40
13 16 8 18
13 16 9 52
13 16 10 11
13 16 11 45
13 16 12 51
13 16 13 47
13 16 14 44
13 16 15 23
13 16 16 1
13 16 17 8
13 16 18 33
13 17 0 15
13 17 1 9
13 17 2 19
13 17 3 40
13 17 4 37
13 17 5 22
13 17 6 39
13 17 7 5
13 17 8 51
13 17 9 2
13 17 10 44
13 17 11 20
13 17 12 46
13 17 13 35
13 17 14 25
13 17 15 13
13 17 16 16
13 17 17 23
13 17 18 30
13 18 0 10
13 18 1 31
13 18 2 39
13 18 3 30
13 18 4 51
13 18 5 38
13 18 6 12
13 18 7 50
13 18 8 14
13 18 9 26
13 18 10 49
13 18 11 24
13 18 12 42
13 18 13 52
13 18 14 11
13 18 15 16
13 18 16 28
13 18 17 47
13 18 18 15
14 0 0 39
14 0 1 31
14 0 2 51
14 0 3 38
14 0 4 13
14 0 5 50
14 0 6 15
14 0 7 27
14 0 8 49
14 0 9 25
14 0 10 42
14 0 11 52
14 0 12 12
14 0 13 17
14 0 14 29
14 0 15 47
14 0 16 16
14 0 17 11
14 0 18 32
14 1 0 36
14 1 1 35
14 1 2 32
14 1 3 8
14 1 4 49
14 1 5 14
14 1 6 42
14 1 7 48
14 1 8 26
14 1 9 31
14 1 10 24
14 1 11 17
14 1 12 2
14 1 13 52
14 1 14 46
14 1 15 7
14 1 16 9
14 1 17 47
14 1 18 38
14 2 0 49
14 2 1 10
14 2 2 0
14 2 3 48
14 2 4 1
14 2 5 19
14 2 6 28
14 2 7 43
14 2 8 40
14 2 9 50
14 2 10 11
14 2 11 18
14 2 12 31
14 2 13 25
14 2 14 4
14 2 15 6
14 2 16 46
14 2 17 21
14 2 18 20
14 3 0 54
14 3 1 8
14 3 2 47
14 3 3 5
14 3 4 40
14 3 5 24
14 3 6 27
14 3 7 39
14 3 8 21
14 3 9 17
14 3 10 16
14 3 11 50
14 3 12 22
14 3 13 13
14 3 14 10
14 3 15 30
14 3 16 4
14 3 17 52
14 3 18 48
14 4 0 16
14 4 1 46
14 4 2 9
14 4 3 39
14 4 4 45
14 4 5 41
14 4 6 38
14 4 7 36
14 4 8 13
14 4 9 5
14 4 10 25
14 4 11 43
14 4 12 14
14 4 13 15
14 4 14 26
14 4 15 54
14 4 16 20
14 4 17 23
14 4 18 53
14 5 0 45
14 5 1 12
14 5 2 38
14 5 3 44
14 5 4 27
14 5 5 26
14 5 6 47
14 5 7 13
14 5 8 14
14 5 9 22
14 5 10 35
14 5 11 4
14 5 12 15
14 5 13 43
14 5 14 53
14 5 15 50
14 5 16 19
14 5 17 28
14 5 18 0
14 6 0 1
14 6 1 34
14 6 2 31
14 6 3 30
14 6 4 5
14 6 5 46
14 6 6 18
14 6 7 15
14 6 8 47
14 6 9 41
14 6 10 12
14 6 11 11
14 6 12 23
14 6 13 35
14 6 14 21
14 6 15 45
14 6 16 51
14 6 17 4
14 6 18 44
14 7 0 18
14 7 1 42
14 7 2 35
14 7 3 54
14 7 4 34
14 7 5 3
14 7 6 5
14 7 7 46
14 7 8 37
14 7 9 10
14 7 10 17
14 7 11 41
14 7 12 51
14 7 13 22
14 7 14 44
14 7 15 20
14 7 16 8
14 7 17 43
14 7 18 9
14 8 0 24
14 8 1 28
14 8 2 53
14 8 3 27
14 8 4 0
14 8 5 2
14 8 6 35
14 8 7 23
14 8 8 7
14 8 9 11
14 8 10 21
14 8 11 30
14 8 12 47
14 8 13 26
14 8 14 49
14 8 15 14
14 8 16 42
14 8 17 1
14 8 18 54
14 9 0 21
14 9 1 37
14 9 2 43
14 9 3 17
14 9 4 12
14 9 5 28
14 9 6 32
14 9 7 11
14 9 8 16
14 9 9 23
14 9 10 49
14 9 11 46
14 9 12 42
14 9 13 48
14 9 14 13
14 9 15 41
14 9 16 15
14 9 17 53
14 9 18 40
14 10 0 51
14 10 1 27
14 10 2 18
14 10 3 12
14 10 4 43
14 10 5 30
14 10 6 11
14 10 7 14
14 10 8 19
14 10 9 48
14 10 10 37
14 10 11 35
14 10 12 20
14 10 13 6
14 10 14 40
14 10 15 3
14 10 16 25
14 10 17 39
14 10 18 22
14 11 0 41
14 11 1 2
14 11 2 12
14 11 3 32
14 11 4 23
14 11 5 0
14 11 6 7
14 11 7 31
14 11 8 34
14 11 9 30
14 11 10 40
14 11 11 28
14 11 12 16
14 11 13 39
14 11 14 9
14 11 15 51
14 11 16 38
14 11 17 29
14 11 18 37
14 12 0 17
14 12 1 3
14 12 2 41
14 12 3 37
14 12 4 6
14 12 5 9
14 12 6 34
14 12 7 30
14 12 8 43
14 12 9 39
14 12 10 45
14 12 11 0
14 12 12 38
14 12 13 11
14 12 14 36
14 12 15 25
14 12 16 52
14 12 17 49
14 12 18 19
14 13 0 5
14 13 1 24
14 13 2 23
14 13 3 16
14 13 4 10
14 13 5 20
14 13 6 45
14 13 7 37
14 13 8 38
14 13 9 44
14 13 10 9
14 13 11 33
14 13 12 7
14 13 13 49
14 13 14 1
14 13 15 29
14 13 16 48
14 13 17 27
14 13 18 8
14 14 0 29
14 14 1 52
14 14 2 3
14 14 3 2
14 14 4 28
14 14 5 44
14 14 6 41
14 14 7 22
14 14 8 30
14 14 9 15
14 14 10 14
14 14 11 13
14 14 12 48
14 14 13 54
14 14 14 50
14 14 15 36
14 14 16 32
14 14 17 7
14 14 18 6
14 15 0 34
14 15 1 4
14 15 2 1
14 15 3 52
14 15 4 29
14 15 5 37
14 15 6 8
14 15 7 42
14 15 8 2
14 15 9 54
14 15 10 0
14 15 11 19
14 15 12 53
14 15 13 36
14 15 14 32
14 15 15 35
14 15 16 18
14 15 17 12
14 15 18 24
14 16 0 6
14 16 1 11
14 16 2 20
14 16 3 42
14 16 4 25
14 16 5 54
14 16 6 22
14 16 7 17
14 16 8 53
14 16 9 9
14 16 10 27
14 16 11 31
14 16 12 29
14 16 13 45
14 16 14 28
14 16 15 0
14 16 16 3
14 16 17 36
14 16 18 50
14 17 0 7
14 17 1 50
14 17 2 29
14 17 3 26
14 17 4 53
14 17 5 40
14 17 6 0
14 17 7 52
14 17 8 12
14 17 9 45
14 17 10 51
14 17 11 47
14 17 12 44
14 17 13 24
14 17 14 2
14 17 15 9
14 17 16 34
14 17 17 19
14 17 18 16
14 18 0 20
14 18 1 40
14 18 2 19
14 18 3 23
14 18 4 39
14 18 5 6
14 18 6 51
14 18 7 3
14 18 8 44
14 18 9 21
14 18 10 46
14 18 11 36
14 18 12 26
14 18 13 14
14 18 14 17
14 18 15 24
14 18 16 31
14 18 17 16
14 18 18 10
15 0 0 20
15 0 1 24
15 0 2 39
15 0 3 7
15 0 4 51
15 0 5 4
15 0 6 44
15 0 7 22
15 0 8 46
15 0 9 37
15 0 10 27
15 0 11 15
15 0 12 18
15 0 13 25
15 0 14 32
15 0 15 17
15 0 16 11
15 0 17 21
15 0 18 40
15 1 0 51
15 1 1 38
15 1 2 14
15 1 3 50
15 1 4 16
15 1 5 28
15 1 6 49
15 1 7 26
15 1 8 42
15 1 9 52
15 1 10 13
15 1 11 18
15 1 12 30
15 1 13 47
15 1 14 17
15 1 15 12
15 1 16 33
15 1 17 39
15 1 18 32
15 2 0 33
15 2 1 9
15 2 2 49
15 2 3 15
15 2 4 42
15 2 5 48
15 2 6 27
15 2 7 32
15 2 8 25
15 2 9 18
15 2 10 3
15 2 11 52
15 2 12 46
15 2 13 8
15 2 14 10
15 2 15 47
15 2 16 38
15 2 17 37
15 2 18 36
15 3 0 1
15 3 1 48
15 3 2 2
15 3 3 20
15 3 4 29
15 3 5 43
15 3 6 40
15 3 7 50
15 3 8 12
15 3 9 0
15 3 10 32
15 3 11 26
15 3 12 5
15 3 13 7
15 3 14 46
15 3 15 22
15 3 16 21
15 3 17 49
15 3 18 11
15 4 0 47
15 4 1 6
15 4 2 40
15 4 3 25
15 4 4 28
15 4 5 39
15 4 6 22
15 4 7 18
15 4 8 17
15 4 9 50
15 4 10 23
15 4 11 14
15 4 12 11
15 4 13 31
15 4 14 5
15 4 15 52
15 4 16 48
15 4 17 54
15 4 18 9
15 5 0 10
15 5 1 39
15 5 2 45
15 5 3 41
15 5 4 38
15 5 5 37
15 5 6 14
15 5 7 6
15 5 8 26
15 5 9 43
15 5 10 15
15 5 11 16
15 5 12 27
15 5 13 54
15 5 14 21
15 5 15 24
15 5 16 53
15 5 17 17
15 5 18 46
15 6 0 38
15 6 1 44
15 6 2 28
15 6 3 27
15 6 4 47
15 6 5 14
15 6 6 15
15 6 7 23
15 6 8 36
15 6 9 5
15 6 10 16
15 6 11 43
15 6 12 53
15 6 13 50
15 6 14 20
15 6 15 29
15 6 16 1
15 6 17 45
15 6 18 13
15 7 0 32
15 7 1 31
15 7 2 6
15 7 3 46
15 7 4 0
15 7 5 16
15 7 6 47
15 7 7 41
15 7 8 13
15 7 9 12
15 7 10 24
15 7 11 36
15 7 12 22
15 7 13 45
15 7 14 51
15 7 15 5
15 7 16 44
15 7 17 2
15 7 18 35
15 8 0 36
15 8 1 54
15 8 2 35
15 8 3 4
15 8 4 6
15 8 5 46
15 8 6 19
15 8 7 11
15 8 8 18
15 8 9 41
15 8 10 51
15 8 11 23
15 8 12 44
15 8 13 21
15 8 14 9
15 8 15 43
15 8 16 10
15 8 17 0
15 8 18 42
15 9 0 53
15 9 1 28
15 9 2 1
15 9 3 3
15 9 4 36
15 9 5 24
15 9 6 8
15 9 7 12
15 9 8 22
15 9 9 31
15 9 10 47
15 9 11 27
15 9 12 49
15 9 13 15
15 9 14 42
15 9 15 2
15 9 16 54
15 9 17 25
15 9 18 29
15 10 0 43
15 10 1 18
15 10 2 13
15 10 3 29
15 10 4 33
15 10 5 12
15 10 6 17
15 10 7 24
15 10 8 49
15 10 9 46
15 10 10 42
15 10 11 48
15 10 12 14
15 10 13 41
15 10 14 16
15 10 15 53
15 10 16 40
15 10 17 22
15 10 18 19
15 11 0 0
15 11 1 13
15 11 2 43
15 11 3 31
15 11 4 12
15 11 5 15
15 11 6 20
15 11 7 48
15 11 8 19
15 11 9 36
15 11 10 21
15 11 11 7
15 11 12 40
15 11 13 4
15 11 14 26
15 11 15 39
15 11 16 23
15 11 17 51
15 11 18 28
15 12 0 13
15 12 1 33
15 12 2 24
15 12 3 1
15 12 4 8
15 12 5 32
15 12 6 35
15 12 7 31
15 12 8 40
15 12 9 29
15 12 10 17
15 12 11 39
15 12 12 10
15 12 13 51
15 12 14 38
15 12 15 30
15 12 16 19
15 12 17 41
15 12 18 3
15 13 0 41
15 13 1 19
15 13 2 7
15 13 3 10
15 13 4 35
15 13 5 31
15 13 6 43
15 13 7 39
15 13 8 45
15 13 9 1
15 13 10 38
15 13 11 12
15 13 12 37
15 13 13 26
15 13 14 52
15 13 15 49
15 13 16 20
15 13 17 18
15 13 18 4
15 14 0 24
15 14 1 17
15 14 2 11
15 14 3 21
15 14 4 45
15 14 5 19
15 14 6 38
15 14 7 44
15 14 8 10
15 14 9 34
15 14 10 8
15 14 11 49
15 14 12 2
15 14 13 30
15 14 14 48
15 14 15 28
15 14 16 9
15 14 17 6
15 14 18 25
15 15 0 4
15 15 1 3
15 15 2 29
15 15 3 44
15 15 4 41
15 15 5 23
15 15 6 31
15 15 7 16
15 15 8 15
15 15 9 14
15 15 10 48
15 15 11 54
15 15 12 50
15 15 13 37
15 15 14 33
15 15 15 8
15 15 16 7
15 15 17 30
15 15 18 52
15 16 0 2
15 16 1 52
15 16 2 30
15 16 3 19
15 16 4 9
15 16 5 42
15 16 6 3
15 16 7 54
15 16 8 1
15 16 9 20
15 16 10 53
15 16 11 37
15 16 12 33
15 16 13 36
15 16 14 0
15 16 15 13
15 16 16 25
15 16 17 35
15 16 18 5
15 17 0 21
15 17 1 42
15 17 2 26
15 17 3 54
15 17 4 23
15 17 5 18
15 17 6 53
15 17 7 10
15 17 8 28
15 17 9 32
15 17 10 30
15 17 11 45
15 17 12 29
15 17 13 1
15 17 14 4
15 17 15 37
15 17 16 50
15 17 17 7
15 17 18 12
15 18 0 30
15 18 1 27
15 18 2 53
15 18 3 40
15 18 4 1
15 18 5 52
15 18 6 13
15 18 7 45
15 18 8 51
15 18 9 47
15 18 10 44
15 18 11 25
15 18 12 3
15 18 13 10
15 18 14 35
15 18 15 20
15 18 16 17
15 18 17 8
15 18 18 50
16 0 0 53
16 0 1 40
16 0 2 2
16 0 3 52
16 0 4 14
16 0 5 45
16 0 6 51
16 0 7 47
16 0 8 44
16 0 9 26
16 0 10 4
16 0 11 11
16 0 12 36
16 0 13 21
16 0 14 18
16 0 15 9
16 0 16 50
16 0 17 31
16 0 18 28
16 1 0 39
16 1 1 8
16 1 2 51
16 1 3 5
16 1 4 44
16 1 5 23
16 1 6 46
16 1 7 19
16 1 8 28
16 1 9 16
16 1 10 0
16 1 11 26
16 1 12 33
16 1 13 18
16 1 14 12
16 1 15 22
16 1 16 40
16 1 17 21
16 1 18 25
16 2 0 15
16 2 1 50
16 2 2 17
16 2 3 29
16 2 4 49
16 2 5 27
16 2 6 42
16 2 7 52
16 2 8 14
16 2 9 0
16 2 10 31
16 2 11 47
16 2 12 18
16 2 13 13
16 2 14 34
16 2 15 39
16 2 16 33
16 2 17 51
16 2 18 38
16 3 0 49
16 3 1 16
16 3 2 42
16 3 3 48
16 3 4 28
16 3 5 33
16 3 6 26
16 3 7 0
16 3 8 4
16 3 9 52
16 3 10 46
16 3 11 9
16 3 12 11
16 3 13 47
16 3 14 38
16 3 15 19
16 3 16 37
16 3 17 34
16 3 18 10
16 4 0 3
16 4 1 21
16 4 2 30
16 4 3 43
16 4 4 40
16 4 5 50
16 4 6 13
16 4 7 1
16 4 8 33
16 4 9 27
16 4 10 6
16 4 11 8
16 4 12 46
16 4 13 23
16 4 14 22
16 4 15 49
16 4 16 12
16 4 17 2
16 4 18 48
16 5 0 40
16 5 1 26
16 5 2 29
16 5 3 39
16 5 4 23
16 5 5 0
16 5 6 18
16 5 7 50
16 5 8 24
16 5 9 15
16 5 10 12
16 5 11 32
16 5 12 6
16 5 13 52
16 5 14 48
16 5 15 54
16 5 16 10
16 5 17 47
16 5 18 7
16 6 0 45
16 6 1 41
16 6 2 38
16 6 3 19
16 6 4 15
16 6 5 7
16 6 6 27
16 6 7 43
16 6 8 16
16 6 9 17
16 6 10 28
16 6 11 54
16 6 12 22
16 6 13 25
16 6 14 53
16 6 15 18
16 6 16 46
16 6 17 11
16 6 18 39
16 7 0 29
16 7 1 28
16 7 2 47
16 7 3 15
16 7 4 16
16 7 5 24
16 7 6 37
16 7 7 6
16 7 8 17
16 7 9 43
16 7 10 53
16 7 11 50
16 7 12 21
16 7 13 30
16 7 14 2
16 7 15 45
16 7 16 14
16 7 17 38
16 7 18 44
16 8 0 7
16 8 1 46
16 8 2 1
16 8 3 17
16 8 4 47
16 8 5 41
16 8 6 14
16 8 7 13
16 8 8 25
16 8 9 37
16 8 10 23
16 8 11 45
16 8 12 51
16 8 13 6
16 8 14 44
16 8 15 3
16 8 16 36
16 8 17 33
16 8 18 32
16 9 0 36
16 9 1 5
16 9 2 7
16 9 3 46
16 9 4 20
16 9 5 12
16 9 6 0
16 9 7 41
16 9 8 51
16 9 9 24
16 9 10 44
16 9 11 22
16 9 12 10
16 9 13 43
16 9 14 11
16 9 15 1
16 9 16 42
16 9 17 37
16 9 18 54
16 10 0 2
16 10 1 4
16 10 2 37
16 10 3 25
16 10 4 9
16 10 5 13
16 10 6 23
16 10 7 32
16 10 8 47
16 10 9 28
16 10 10 49
16 10 11 16
16 10 12 42
16 10 13 3
16 10 14 54
16 10 15 26
16 10 16 30
16 10 17 53
16 10 18 29
16 11 0 14
16 11 1 30
16 11 2 34
16 11 3 13
16 11 4 18
16 11 5 25
16 11 6 49
16 11 7 46
16 11 8 42
16 11 9 48
16 11 10 15
16 11 11 41
16 11 12 17
16 11 13 53
16 11 14 40
16 11 15 23
16 11 16 20
16 11 17 43
16 11 18 0
16 12 0 43
16 12 1 32
16 12 2 13
16 12 3 16
16 12 4 21
16 12 5 48
16 12 6 20
16 12 7 37
16 12 8 22
16 12 9 8
16 12 10 40
16 12 11 5
16 12 12 27
16 12 13 39
16 12 14 24
16 12 15 51
16 12 16 29
16 12 17 1
16 12 18 14
16 13 0 25
16 13 1 2
16 13 2 9
16 13 3 33
16 13 4 36
16 13 5 32
16 13 6 40
16 13 7 30
16 13 8 18
16 13 9 39
16 13 10 11
16 13 11 51
16 13 12 38
16 13 13 31
16 13 14 20
16 13 15 41
16 13 16 4
16 13 17 14
16 13 18 34
16 14 0 8
16 14 1 11
16 14 2 36
16 14 3 32
16 14 4 43
16 14 5 39
16 14 6 45
16 14 7 2
16 14 8 38
16 14 9 13
16 14 10 19
16 14 11 27
16 14 12 52
16 14 13 49
16 14 14 21
16 14 15 0
16 14 16 5
16 14 17 41
16 14 18 20
16 15 0 12
16 15 1 22
16 15 2 45
16 15 3 20
16 15 4 38
16 15 5 44
16 15 6 11
16 15 7 35
16 15 8 9
16 15 9 49
16 15 10 3
16 15 11 31
16 15 12 48
16 15 13 29
16 15 14 10
16 15 15 7
16 15 16 26
16 15 17 25
16 15 18 18
16 16 0 30
16 16 1 44
16 16 2 41
16 16 3 24
16 16 4 32
16 16 5 17
16 16 6 16
16 16 7 15
16 16 8 48
16 16 9 54
16 16 10 50
16 16 11 19
16 16 12 34
16 16 13 9
16 16 14 8
16 16 15 31
16 16 16 52
16 16 17 5
16 16 18 4
16 17 0 31
16 17 1 20
16 17 2 10
16 17 3 42
16 17 4 4
16 17 5 54
16 17 6 2
16 17 7 21
16 17 8 53
16 17 9 19
16 17 10 34
16 17 11 37
16 17 12 1
16 17 13 14
16 17 14 26
16 17 15 36
16 17 16 6
16 17 17 3
16 17 18 52
16 18 0 27
16 18 1 54
16 18 2 24
16 18 3 0
16 18 4 53
16 18 5 11
16 18 6 29
16 18 7 33
16 18 8 31
16 18 9 45
16 18 10 30
16 18 11 2
16 18 12 5
16 18 13 19
16 18 14 50
16 18 15 8
16 18 16 13
16 18 17 22
16 18 18 42
17 0 0 25
17 0 1 1
17 0 2 53
17 0 3 12
17 0 4 30
17 0 5 34
17 0 6 32
17 0 7 45
17 0 8 31
17 0 9 3
17 0 10 6
17 0 11 20
17 0 12 50
17 0 13 9
17 0 14 14
17 0 15 23
17 0 16 42
17 0 17 28
17 0 18 54
17 1 0 3
17 1 1 52
17 1 2 15
17 1 3 45
17 1 4 51
17 1 5 47
17 1 6 44
17 1 7 27
17 1 8 5
17 1 9 12
17 1 10 37
17 1 11 22
17 1 12 0
17 1 13 10
17 1 14 50
17 1 15 32
17 1 16 29
17 1 17 53
17 1 18 40
17 2 0 51
17 2 1 6
17 2 2 44
17 2 3 24
17 2 4 46
17 2 5 20
17 2 6 29
17 2 7 17
17 2 8 1
17 2 9 27
17 2 10 34
17 2 11 0
17 2 12 13
17 2 13 23
17 2 14 40
17 2 15 22
17 2 16 26
17 2 17 39
17 2 18 9
17 3 0 18
17 3 1 30
17 3 2 49
17 3 3 28
17 3 4 42
17 3 5 52
17 3 6 15
17 3 7 1
17 3 8 32
17 3 9 47
17 3 10 0
17 3 11 14
17 3 12 35
17 3 13 39
17 3 14 34
17 3 15 51
17 3 16 38
17 3 17 16
17 3 18 50
17 4 0 42
17 4 1 48
17 4 2 29
17 4 3 34
17 4 4 27
17 4 5 1
17 4 6 5
17 4 7 52
17 4 8 46
17 4 9 10
17 4 10 12
17 4 11 47
17 4 12 38
17 4 13 20
17 4 14 19
17 4 15 35
17 4 16 11
17 4 17 49
17 4 18 17
17 5 0 31
17 5 1 43
17 5 2 40
17 5 3 50
17 5 4 14
17 5 5 2
17 5 6 34
17 5 7 28
17 5 8 7
17 5 9 9
17 5 10 46
17 5 11 24
17 5 12 23
17 5 13 49
17 5 14 13
17 5 15 3
17 5 16 48
17 5 17 4
17 5 18 22
17 6 0 30
17 6 1 39
17 6 2 24
17 6 3 1
17 6 4 0
17 6 5 50
17 6 6 25
17 6 7 16
17 6 8 13
17 6 9 33
17 6 10 7
17 6 11 52
17 6 12 48
17 6 13 54
17 6 14 11
17 6 15 47
17 6 16 8
17 6 17 40
17 6 18 27
17 7 0 38
17 7 1 20
17 7 2 16
17 7 3 8
17 7 4 28
17 7 5 43
17 7 6 17
17 7 7 18
17 7 8 29
17 7 9 54
17 7 10 23
17 7 11 26
17 7 12 53
17 7 13 0
17 7 14 46
17 7 15 12
17 7 16 39
17 7 17 45
17 7 18 41
17 8 0 47
17 8 1 16
17 8 2 17
17 8 3 25
17 8 4 19
17 8 5 7
17 8 6 18
17 8 7 43
17 8 8 53
17 8 9 50
17 8 10 22
17 8 11 31
17 8 12 3
17 8 13 45
17 8 14 15
17 8 15 38
17 8 16 44
17 8 17 30
17 8 18 29
17 9 0 2
17 9 1 18
17 9 2 47
17 9 3 41
17 9 4 15
17 9 5 14
17 9 6 26
17 9 7 19
17 9 8 24
17 9 9 45
17 9 10 51
17 9 11 7
17 9 12 44
17 9 13 4
17 9 14 37
17 9 15 34
17 9 16 33
17 9 17 8
17 9 18 46
17 10 0 8
17 10 1 46
17 10 2 21
17 10 3 13
17 10 4 1
17 10 5 41
17 10 6 51
17 10 7 25
17 10 8 44
17 10 9 23
17 10 10 11
17 10 11 43
17 10 12 12
17 10 13 2
17 10 14 42
17 10 15 19
17 10 16 54
17 10 17 37
17 10 18 6
17 11 0 19
17 11 1 26
17 11 2 10
17 11 3 14
17 11 4 24
17 11 5 33
17 11 6 47
17 11 7 29
17 11 8 49
17 11 9 17
17 11 10 42
17 11 11 4
17 11 12 54
17 11 13 27
17 11 14 31
17 11 15 53
17 11 16 30
17 11 17 3
17 11 18 5
17 12 0 35
17 12 1 14
17 12 2 0
17 12 3 26
17 12 4 49
17 12 5 46
17 12 6 42
17 12 7 48
17 12 8 16
17 12 9 41
17 12 10 18
17 12 11 53
17 12 12 40
17 12 13 24
17 12 14 21
17 12 15 43
17 12 16 1
17 12 17 15
17 12 18 31
17 13 0 14
17 13 1 17
17 13 2 22
17 13 3 48
17 13 4 21
17 13 5 19
17 13 6 23
17 13 7 9
17 13 8 40
17 13 9 6
17 13 10 28
17 13 11 39
17 13 12 25
17 13 13 51
17 13 14 30
17 13 15 2
17 13 16 15
17 13 17 43
17 13 18 33
17 14 0 10
17 14 1 34
17 14 2 37
17 14 3 33
17 14 4 40
17 14 5 31
17 14 6 0
17 14 7 39
17 14 8 12
17 14 9 51
17 14 10 38
17 14 11 32
17 14 12 21
17 14 13 41
17 14 14 5
17 14 15 15
17 14 16 35
17 14 17 26
17 14 18 3
17 15 0 37
17 15 1 33
17 15 2 43
17 15 3 39
17 15 4 45
17 15 5 3
17 15 6 38
17 15 7 14
17 15 8 20
17 15 9 28
17 15 10 52
17 15 11 49
17 15 12 22
17 15 13 1
17 15 14 6
17 15 15 41
17 15 16 21
17 15 17 9
17 15 18 12
17 16 0 45
17 16 1 21
17 16 2 38
17 16 3 44
17 16 4 12
17 16 5 36
17 16 6 10
17 16 7 49
17 16 8 4
17 16 9 32
17 16 10 48
17 16 11 30
17 16 12 11
17 16 13 8
17 16 14 27
17 16 15 26
17 16 16 0
17 16 17 13
17 16 18 23
17 17 0 41
17 17 1 25
17 17 2 33
17 17 3 18
17 17 4 17
17 17 5 16
17 17 6 48
17 17 7 54
17 17 8 50
17 17 9 20
17 17 10 35
17 17 11 10
17 17 12 9
17 17 13 32
17 17 14 52
17 17 15 6
17 17 16 5
17 17 17 31
17 17 18 44
17 18 0 11
17 18 1 42
17 18 2 5
17 18 3 54
17 18 4 3
17 18 5 22
17 18 6 53
17 18 7 20
17 18 8 35
17 18 9 19
17 18 10 2
17 18 11 15
17 18 12 27
17 18 13 37
17 18 14 7
17 18 15 4
17 18 16 52
17 18 17 32
17 18 18 21
18 0 0 6
18 0 1 54
18 0 2 4
18 0 3 23
18 0 4 53
18 0 5 21
18 0 6 36
18 0 7 20
18 0 8 3
18 0 9 16
18 0 10 28
18 0 11 19
18 0 12 8
18 0 13 5
18 0 14 52
18 0 15 33
18 0 16 22
18 0 17 12
18 0 18 42
18 1 0 53
18 1 1 13
18 1 2 31
18 1 3 35
18 1 4 33
18 1 5 45
18 1 6 32
18 1 7 4
18 1 8 7
18 1 9 21
18 1 10 50
18 1 11 10
18 1 12 15
18 1 13 24
18 1 14 42
18 1 15 29
18 1 16 54
18 1 17 26
18 1 18 2
18 2 0 16
18 2 1 45
18 2 2 51
18 2 3 47
18 2 4 44
18 2 5 28
18 2 6 6
18 2 7 13
18 2 8 19
18 2 9 23
18 2 10 1
18 2 11 11
18 2 12 50
18 2 13 33
18 2 14 30
18 2 15 53
18 2 16 40
18 2 17 4
18 2 18 52
18 3 0 44
18 3 1 25
18 3 2 46
18 3 3 21
18 3 4 30
18 3 5 18
18 3 6 2
18 3 7 28
18 3 8 35
18 3 9 1
18 3 10 14
18 3 11 24
18 3 12 40
18 3 13 23
18 3 14 27
18 3 15 39
18 3 16 10
18 3 17 51
18 3 18 7
18 4 0 49
18 4 1 29
18 4 2 42
18 4 3 52
18 4 4 16
18 4 5 2
18 4 6 33
18 4 7 47
18 4 8 1
18 4 9 15
18 4 10 36
18 4 11 39
18 4 12 35
18 4 13 51
18 4 14 38
18 4 15 17
18 4 16 50
18 4 17 0
18 4 18 31
18 5 0 30
18 5 1 35
18 5 2 28
18 5 3 2
18 5 4 6
18 5 5 52
18 5 6 46
18 5 7 11
18 5 8 13
18 5 9 47
18 5 10 38
18 5 11 21
18 5 12 20
18 5 13 36
18 5 14 12
18 5 15 49
18 5 16 18
18 5 17 42
18 5 18 48
18 6 0 40
18 6 1 50
18 6 2 15
18 6 3 3
18 6 4 35
18 6 5 29
18 6 6 8
18 6 7 10
18 6 8 46
18 6 9 25
18 6 10 24
18 6 11 49
18 6 12 14
18 6 13 4
18 6 14 48
18 6 15 5
18 6 16 23
18 6 17 32
18 6 18 43
18 7 0 25
18 7 1 2
18 7 2 1
18 7 3 50
18 7 4 26
18 7 5 17
18 7 6 14
18 7 7 34
18 7 8 8
18 7 9 52
18 7 10 48
18 7 11 54
18 7 12 12
18 7 13 47
18 7 14 9
18 7 15 40
18 7 16 28
18 7 17 31
18 7 18 39
18 8 0 17
18 8 1 9
18 8 2 29
18 8 3 43
18 8 4 18
18 8 5 0
18 8 6 30
18 8 7 54
18 8 8 24
18 8 9 27
18 8 10 53
18 8 11 1
18 8 12 46
18 8 13 13
18 8 14 39
18 8 15 45
18 8 16 41
18 8 17 38
18 8 18 21
18 9 0 18
18 9 1 26
18 9 2 20
18 9 3 8
18 9 4 0
18 9 5 43
18 9 6 53
18 9 7 50
18 9 8 23
18 9 9 32
18 9 10 4
18 9 11 45
18 9 12 16
18 9 13 38
18 9 14 44
18 9 15 31
18 9 16 30
18 9 17 47
18 9 18 17
18 10 0 47
18 10 1 41
18 10 2 16
18 10 3 15
18 10 4 27
18 10 5 20
18 10 6 25
18 10 7 45
18 10 8 51
18 10 9 8
18 10 10 44
18 10 11 5
18 10 12 19
18 10 13 35
18 10 14 34
18 10 15 9
18 10 16 46
18 10 17 3
18 10 18 0
18 11 0 22
18 11 1 14
18 11 2 2
18 11 3 41
18 11 4 51
18 11 5 26
18 11 6 44
18 11 7 24
18 11 8 12
18 11 9 43
18 11 10 13
18 11 11 3
18 11 12 42
18 11 13 20
18 11 14 54
18 11 15 19
18 11 16 7
18 11 17 9
18 11 18 46
18 12 0 11
18 12 1 15
18 12 2 25
18 12 3 34
18 12 4 47
18 12 5 30
18 12 6 49
18 12 7 18
18 12 8 42
18 12 9 5
18 12 10 54
18 12 11 28
18 12 12 32
18 12 13 53
18 12 14 31
18 12 15 4
18 12 16 6
18 12 17 20
18 12 18 27
18 13 0 1
18 13 1 27
18 13 2 49
18 13 3 46
18 13 4 42
18 13 5 48
18 13 6 17
18 13 7 41
18 13 8 0
18 13 9 53
18 13 10 40
18 13 11 25
18 13 12 22
18 13 13 43
18 13 14 2
18 13 15 16
18 13 16 32
18 13 17 36
18 13 18 15
18 14 0 23
18 14 1 48
18 14 2 22
18 14 3 20
18 14 4 24
18 14 5 10
18 14 6 40
18 14 7 7
18 14 8 29
18 14 9 39
18 14 10 26
18 14 11 51
18 14 12 31
18 14 13 3
18 14 14 16
18 14 15 43
18 14 16 34
18 14 17 15
18 14 18 18
18 15 0 19
18 15 1 34
18 15 2 40
18 15 3 32
18 15 4 1
18 15 5 39
18 15 6 13
18 15 7 51
18 15 8 38
18 15 9 33
18 15 10 22
18 15 11 41
18 15 12 6
18 15 13 16
18 15 14 36
18 15 15 27
18 15 16 4
18 15 17 11
18 15 18 35
18 16 0 43
18 16 1 39
18 16 2 45
18 16 3 4
18 16 4 38
18 16 5 15
18 16 6 21
18 16 7 29
18 16 8 52
18 16 9 49
18 16 10 23
18 16 11 2
18 16 12 7
18 16 13 41
18 16 14 22
18 16 15 10
18 16 16 13
18 16 17 19
18 16 18 34
18 17 0 38
18 17 1 44
18 17 2 13
18 17 3 37
18 17 4 11
18 17 5 49
18 17 6 5
18 17 7 33
18 17 8 48
18 17 9 31
18 17 10 12
18 17 11 9
18 17 12 28
18 17 13 27
18 17 14 1
18 17 15 14
18 17 16 24
18 17 17 45
18 17 18 22
18 18 0 34
18 18 1 0
18 18 2 18
18 18 3 17
18 18 4 48
18 18 5 54
18 18 6 50
18 18 7 21
18 18 8 36
18 18 9 11
18 18 10 10
18 18 11 33
18 18 12 52
18 18 13 7
18 18 14 6
18 18 15 32
18 18 16 44
18 18 17 41
18 18 18 26
